2.461137849935513202e+02 2.463043775130870117e+01 5.441145588346862638e+01
2.460549578939382513e+02 2.457161065169562164e+01 5.435262878385555041e+01
2.460340641832941344e+02 2.455071694105151181e+01 5.433173507321144058e+01
2.459078370381609773e+02 2.444476139898338474e+01 5.421646309081253179e+01
2.459893786510886855e+02 2.445171079584250151e+01 5.425042106061755476e+01
2.460516197557089697e+02 2.446224110462028634e+01 5.428067673165920581e+01
2.462941506714209936e+02 2.468295273499734321e+01 5.450952128063121194e+01
2.464991427054092981e+02 2.489698808891586523e+01 5.472501327668614124e+01
2.469826720279189658e+02 2.487173962521811532e+01 5.503574842576436055e+01
2.473122373112813932e+02 2.497379561490023647e+01 5.536273423867688592e+01
2.474281314012593782e+02 2.513508838479629759e+01 5.548333206888703728e+01
2.474981412639405107e+02 2.510738183749336017e+01 5.549859646460814844e+01
2.474384189363477731e+02 2.507384872164479006e+01 5.543580911918670751e+01
2.474764585388058435e+02 2.510087246794628513e+01 5.554112738032015528e+01
2.476560200288293743e+02 2.518854411653137149e+01 5.580368712540778375e+01
2.477576966846218056e+02 2.535948714058114106e+01 5.584298611637963461e+01
2.477238297549503159e+02 2.533314619528108480e+01 5.588601775282603512e+01
2.477416736211213220e+02 2.537730066004096940e+01 5.586829527349973290e+01
2.479073059707154130e+02 2.552480084970791196e+01 5.601151657689097618e+01
2.482143843410970305e+02 2.570604658220165462e+01 5.622037781655413369e+01
2.484892041574994437e+02 2.603725058796752734e+01 5.644640012138684426e+01
2.486075411577270415e+02 2.616478264168120660e+01 5.657915180942265465e+01
2.486128063121159357e+02 2.619607010090281562e+01 5.663756922843487018e+01
2.486574918443213846e+02 2.624186328806615620e+01 5.666105758288445315e+01
2.487233897276382777e+02 2.632076473712161402e+01 5.677485774979136579e+01
2.488389500037933431e+02 2.643620362643198618e+01 5.692486154313026248e+01
2.490934982171307297e+02 2.668430316364463906e+01 5.712000606934223157e+01
2.493962825278810271e+02 2.695959335407025392e+01 5.731691070480236760e+01
2.495601851149381787e+02 2.715464684014870045e+01 5.749682118200440328e+01
2.496685380471891449e+02 2.726146726348531857e+01 5.758370381609893229e+01
2.497838858963659732e+02 2.734331234352477225e+01 5.767580608451559243e+01
2.498671724451862417e+02 2.747230103937485879e+01 5.780528032774448377e+01
2.500132615127835436e+02 2.762160685835672425e+01 5.794290266292390612e+01
2.499637053334344898e+02 2.754798573704574594e+01 5.788579015249222692e+01
2.490711023442834460e+02 2.664969273954935147e+01 5.695472270692663841e+01
2.469059251953569571e+02 2.471178211061376118e+01 5.501499127532053990e+01
2.459842197101889099e+02 2.359112358698126144e+01 5.426790076625445636e+01
2.459146650481754079e+02 2.333961004476140033e+01 5.421558303618845542e+01
2.460386161899704121e+02 2.337042712995978988e+01 5.429604734086943552e+01
2.464333813822926800e+02 2.368304377513086934e+01 5.466158865033001746e+01
2.466972308626052666e+02 2.397150443820650878e+01 5.490061452090129990e+01
2.467665579242849674e+02 2.409372581746453079e+01 5.495819740535619502e+01
2.469229497003262281e+02 2.415382747894696891e+01 5.507204309232987072e+01
2.471403838858963695e+02 2.441738866550337761e+01 5.539295956300735924e+01
2.474005917608679113e+02 2.456416053410211831e+01 5.560382368560807009e+01
2.475039223124194052e+02 2.474438965177148830e+01 5.572709202640163539e+01
2.475853273651468101e+02 2.476928912829072260e+01 5.582184963204612416e+01
2.475268189060010684e+02 2.474106668689780619e+01 5.577939458311205811e+01
2.473407176997193062e+02 2.461579546316668043e+01 5.551288976557165711e+01
2.471972232759274846e+02 2.457896972915560241e+01 5.527686821940672246e+01
2.473473332827554714e+02 2.473561945224186331e+01 5.547976633032395455e+01
2.476049313405659689e+02 2.496035202184963353e+01 5.559306577649647352e+01
2.476014718154920047e+02 2.492313178059327683e+01 5.565404749260299155e+01
2.477097337076094448e+02 2.506746073894241889e+01 5.565344055837948645e+01
2.479618997041195598e+02 2.532159927167893088e+01 5.590351263181852914e+01
2.481130870191942961e+02 2.544086184659737526e+01 5.598347621576511557e+01
2.481207799104772107e+02 2.547786966087550198e+01 5.602667475912298300e+01
2.481445869053941351e+02 2.548381761626583852e+01 5.610481754039906122e+01
2.481642515742356352e+02 2.549900614520901243e+01 5.612777482740307988e+01
2.482766861391396844e+02 2.569806539716258342e+01 5.625991958121538516e+01
2.485718989454517782e+02 2.590798877171686598e+01 5.651493816857598063e+01
2.486902511190349685e+02 2.599523556634549593e+01 5.664734086943327185e+01
2.487669827782414131e+02 2.602093923071087289e+01 5.669956755936575377e+01
2.488248084363856947e+02 2.611037098854411553e+01 5.676180866398603797e+01
2.489892420908884105e+02 2.625403231924740055e+01 5.692810864122600378e+01
2.492202412563538303e+02 2.644042181928533353e+01 5.713143160609968874e+01
2.495034367650405898e+02 2.677777103406418391e+01 5.741385327365146907e+01
2.497073666641377656e+02 2.698702678097261298e+01 5.766823458007738168e+01
2.496802670510583368e+02 2.702758516045823711e+01 5.757402321523404964e+01
2.493323420074349315e+02 2.674901752522570320e+01 5.708047947803656541e+01
2.490415749943099968e+02 2.656813595326606503e+01 5.672012745618693685e+01
2.491069266368257331e+02 2.666949396859115495e+01 5.680042485395645002e+01
2.493400955921402158e+02 2.688437903042257915e+01 5.705011759350580292e+01
2.493727031332979323e+02 2.696921326151278464e+01 5.712967149685152890e+01
2.489033912449738182e+02 2.651172141719141351e+01 5.677238449283058941e+01
2.468958045671800221e+02 2.466563993627190499e+01 5.504826644412411696e+01
2.453002655337227793e+02 2.303914725741597636e+01 5.368063121159244133e+01
2.447797890903573261e+02 2.245682421667551765e+01 5.323820650936954735e+01
2.451440254912373859e+02 2.262250208633639303e+01 5.356645171079584600e+01
2.459608982626507725e+02 2.335725665730976530e+01 5.445749184432137469e+01
2.468349138912070373e+02 2.408870343676504078e+01 5.529066079963583746e+01
2.475928533495182364e+02 2.475229497003262225e+01 5.595543585463925496e+01
2.482876261285183261e+02 2.516652757757378112e+01 5.650911160003034439e+01
2.484153857825658065e+02 2.530633487595781972e+01 5.660133525529170839e+01
2.485143160609968902e+02 2.543351794249298337e+01 5.665471512024884504e+01
2.485333737956148923e+02 2.546723313860860216e+01 5.665753736438813348e+01
2.483458918139746743e+02 2.528246718761854339e+01 5.648673090053865309e+01
2.479460283741749436e+02 2.505180183597602550e+01 5.607562400424853877e+01
2.478787193687884098e+02 2.503949624459449197e+01 5.582530915712009545e+01
2.480980502238070073e+02 2.522247173962521671e+01 5.602606782489947790e+01
2.483245884227296756e+02 2.549756467642819047e+01 5.620514376754419317e+01
2.486629997723996723e+02 2.570251119034974607e+01 5.649069114634701805e+01
2.488537743722024231e+02 2.587953872999013782e+01 5.684203019497761744e+01
2.491038312722858734e+02 2.603549047871936750e+01 5.707664061907291142e+01
2.493962521811698707e+02 2.638540323192474091e+01 5.745271223731128174e+01
2.496980047037402244e+02 2.667107199757226255e+01 5.777510052348076641e+01
2.497615355435854667e+02 2.669310370988544179e+01 5.780638798270237544e+01
2.496140505272741166e+02 2.657549503072604580e+01 5.760845155906228854e+01
2.492147181549199502e+02 2.626398604051285801e+01 5.706806767316592044e+01
2.489278658675366103e+02 2.608058569152568040e+01 5.672983840376299014e+01
2.485742052955010877e+02 2.585705181700933153e+01 5.634297852970184550e+01
2.482645778013807671e+02 2.562140960473408668e+01 5.601662999772399587e+01
2.478469311888324000e+02 2.533405659661634246e+01 5.558886275699870794e+01
2.475934299370305780e+02 2.517359836127759820e+01 5.539678324861542791e+01
2.474528639708671562e+02 2.512474015628556145e+01 5.523709885441165568e+01
2.474790531826113238e+02 2.513897276382672175e+01 5.531336013959487019e+01
2.475346787041954428e+02 2.524401790455959471e+01 5.541294287231621496e+01
2.475990895986647331e+02 2.530216220317123188e+01 5.554234124876716550e+01
2.476040512859418925e+02 2.532882178893862246e+01 5.555328123814581431e+01
2.476460814809194915e+02 2.533885137698202072e+01 5.550583415522342534e+01
2.478184963204612643e+02 2.553395038312723031e+01 5.568314998861998077e+01
2.479549199605492618e+02 2.575079280782945190e+01 5.581772247932630648e+01
2.479355891055306813e+02 2.570650178286928167e+01 5.588101054548213398e+01
2.478384037629921863e+02 2.562028677642060615e+01 5.577185342538502510e+01
2.478843790304225649e+02 2.564127152719823854e+01 5.590284500417267566e+01
2.477255595174872838e+02 2.553754646840148723e+01 5.566410742735755690e+01
2.461547985737045678e+02 2.416428192094681648e+01 5.445602002882937853e+01
2.442912677338593426e+02 2.223951141795008013e+01 5.281232076473712311e+01
2.437143008876413148e+02 2.161271527198239895e+01 5.233015704423033299e+01
2.437318109399893729e+02 2.154228055534481356e+01 5.224897959183673635e+01
2.442130642591609160e+02 2.185699112358697960e+01 5.252927698960625236e+01
2.446258857446324271e+02 2.218022911766937355e+01 5.293809270920264254e+01
2.447406266595857574e+02 2.245468477353766801e+01 5.307395493513390505e+01
2.448206964570214836e+02 2.256400880054624025e+01 5.308016083756923109e+01
2.451302177376526856e+02 2.285520066762764557e+01 5.324110462028677659e+01
2.454456718003186495e+02 2.321696381154692190e+01 5.350715423715954699e+01
2.455528260374781837e+02 2.341588650330020371e+01 5.370838327896214537e+01
2.456199377892421012e+02 2.355546620135042701e+01 5.369713982247174044e+01
2.456578711782110531e+02 2.363879827023746216e+01 5.373449662392837922e+01
2.456501024201502048e+02 2.365242394355511735e+01 5.370830741218420457e+01
2.456405280327744549e+02 2.368551703209164572e+01 5.365752219103254816e+01
2.456449738259616140e+02 2.375132387527501621e+01 5.378462939078977456e+01
2.455974357029056989e+02 2.376508610879296057e+01 5.365752219103254816e+01
2.455994841059100224e+02 2.385544344131704619e+01 5.362861694863818940e+01
2.457698050223806945e+02 2.403729610803429040e+01 5.377708823306274155e+01
2.459928685228738345e+02 2.420221530991578618e+01 5.395742356422123009e+01
2.460461270009862744e+02 2.427516880358091100e+01 5.402051437675442003e+01
2.460493740990820015e+02 2.439060769289128316e+01 5.403055913815340006e+01
2.461219937789242067e+02 2.450122145512479932e+01 5.404879751156968126e+01
2.463419012214551174e+02 2.468776268871861035e+01 5.431472574159775490e+01
2.466596312874592343e+02 2.498725438130642473e+01 5.461066686897807188e+01
2.466638494803125639e+02 2.504732569607768866e+01 5.461656930430164891e+01
2.465562400424853990e+02 2.492853349518246020e+01 5.439526591305667580e+01
2.464600409680600990e+02 2.494572490706319812e+01 5.431892876109551338e+01
2.463603671952052139e+02 2.491776041271527120e+01 5.423500493134056910e+01
2.463481374706016140e+02 2.501576511645550482e+01 5.419874061148622957e+01
2.465167589712465031e+02 2.515592140201805549e+01 5.434696912222138110e+01
2.467062286624687033e+02 2.535640694939685957e+01 5.442257795311433455e+01
2.467795159699567478e+02 2.542447462256278001e+01 5.444706774903269775e+01
2.468283590015932134e+02 2.558808891586374301e+01 5.450595554206812920e+01
2.469739928685228847e+02 2.574684773537667937e+01 5.460353539185190641e+01
2.471819285334951815e+02 2.591143312343524840e+01 5.482048403004324655e+01
2.472434413170472567e+02 2.597440254912373803e+01 5.495282603747818939e+01
2.472360670662316977e+02 2.602174341855701556e+01 5.495586070859570782e+01
2.469892269175328181e+02 2.586387982702374799e+01 5.467759654047492290e+01
2.464174645322813149e+02 2.537892420908884006e+01 5.419356649723086150e+01
2.458186328806615677e+02 2.467224034595250615e+01 5.377924284955617651e+01
2.458358698126090474e+02 2.463315378195888172e+01 5.369196570821637238e+01
2.460481298839238207e+02 2.465547378802822109e+01 5.397939458311205385e+01
2.465492299522039161e+02 2.496579925650557641e+01 5.437698201957363153e+01
2.469690767013125026e+02 2.523828237614748460e+01 5.480766254457173403e+01
2.472827403080191289e+02 2.537707305970715410e+01 5.504512555951748709e+01
2.473509900614520802e+02 2.567345421439951281e+01 5.513646916015476762e+01
2.473776951672862481e+02 2.586985812912525518e+01 5.514278127607920510e+01
2.474010166148243570e+02 2.597247553296411482e+01 5.511182763068052282e+01
2.474185266671724435e+02 2.602342766102723459e+01 5.508078294514832152e+01
2.473103102951217522e+02 2.600892193308550304e+01 5.499995447993323694e+01
2.474221075790911186e+02 2.616746832562020941e+01 5.513539185190804659e+01
2.475692436082239567e+02 2.623392762309384807e+01 5.531589408997800206e+01
2.478192094681738809e+02 2.635061072756240108e+01 5.555857673924588624e+01
2.479954024732569735e+02 2.648823306274182698e+01 5.577801380775358808e+01
2.480581898186784144e+02 2.656579925650557783e+01 5.585558000151733893e+01
2.483093543737197422e+02 2.677449358925726486e+01 5.605339503831272197e+01
2.483429330096350895e+02 2.685064866095136793e+01 5.608758060845156024e+01
2.480685532205447146e+02 2.666826492678855942e+01 5.577039678324861427e+01
2.477903497458462994e+02 2.656369016007890238e+01 5.549343752370836569e+01
2.476345952507396930e+02 2.653032395114179565e+01 5.525512480084970690e+01
2.476961839010697304e+02 2.666407708064638626e+01 5.524403307791518358e+01
2.477518245960094134e+02 2.686624687049540938e+01 5.525246946362187828e+01
2.478769440861846647e+02 2.702382216827251327e+01 5.540716182383734179e+01
2.484769440861846590e+02 2.753599878613155383e+01 5.599531143312343318e+01
2.491273044533798782e+02 2.815995751460435415e+01 5.661848114710568325e+01
2.496198619224641391e+02 2.851587891662241248e+01 5.715235566345497631e+01
2.501161672103785634e+02 2.892411804870647174e+01 5.772569607768758004e+01
2.506743342690236034e+02 2.956587512328351508e+01 5.837898490251119199e+01
2.510602230483271455e+02 2.983461042409528829e+01 5.885096730141870580e+01
2.511527198239890879e+02 2.989099461345876563e+01 5.901344359305060294e+01
2.506331234352477111e+02 2.943423109020559991e+01 5.826674759122980163e+01
2.490877171686518352e+02 2.777607161823837245e+01 5.655608830892951744e+01
2.477182156133829096e+02 2.645696077687580683e+01 5.524407859798194664e+01
2.473257264243987663e+02 2.597358318792201004e+01 5.482118200440027067e+01
2.475732190273878928e+02 2.610248084363857046e+01 5.508363553599878770e+01
2.480942265381989102e+02 2.638412867005538232e+01 5.563533874516349442e+01
2.484656551096275052e+02 2.658887793035429681e+01 5.601643274410135831e+01
2.487296108034291819e+02 2.678173127987254531e+01 5.630921781351946009e+01
2.490667172445186281e+02 2.703071087170927811e+01 5.659197329489416717e+01
2.493874516349290786e+02 2.733995903193991239e+01 5.703207647371215927e+01
2.497415825809877958e+02 2.777734618010773104e+01 5.747031332979288720e+01
2.497548137470601546e+02 2.783905621728245094e+01 5.748031257112510417e+01
2.492821940672179721e+02 2.743169713982247160e+01 5.693692436082239539e+01
2.487734011076549621e+02 2.707524467035884896e+01 5.631351187315074469e+01
2.485125559517487375e+02 2.694593733404142455e+01 5.600655488961383810e+01
2.485160306501782941e+02 2.686978226234731792e+01 5.601664517107958119e+01
2.486489188984143937e+02 2.695733252408770042e+01 5.622206205902435272e+01
2.487918822547606510e+02 2.718852894317578262e+01 5.639632804794780441e+01
2.487989530384644468e+02 2.720773841134966986e+01 5.637256657309764307e+01
2.488841817767999487e+02 2.728788407556331208e+01 5.647462256277975712e+01
2.489206736969880751e+02 2.740406645929747498e+01 5.649258781579545996e+01
2.489398528184507882e+02 2.742933009635080666e+01 5.656664896441848356e+01
2.490873833548289156e+02 2.760477960701009081e+01 5.667975115696836497e+01
2.490734542143995043e+02 2.759559972687959828e+01 5.670613762233517718e+01
2.488850466580684326e+02 2.738315757529777628e+01 5.644597526743039140e+01
2.488235035278051726e+02 2.739687428874895758e+01 5.636674000455200684e+01
2.488241863288066043e+02 2.740981716106517041e+01 5.631861012062817906e+01
2.489081708519839253e+02 2.751487747515362869e+01 5.644327441013579971e+01
2.491046658068431725e+02 2.765668765647522775e+01 5.656193005083073899e+01
2.491111144829679063e+02 2.773308550185873500e+01 5.666120931644032765e+01
2.491537971322357805e+02 2.778578256581442929e+01 5.669697291556027352e+01
2.492084060389955198e+02 2.787128442455048827e+01 5.671364843335103245e+01
2.494703285031484654e+02 2.808926485092178282e+01 5.699335407025263578e+01
2.499164403307791531e+02 2.853760716182383561e+01 5.742342766102723317e+01
2.501769820195736429e+02 2.879948410591002173e+01 5.771880737425081520e+01
2.501760412715271968e+02 2.879828541081860394e+01 5.769818678400728373e+01
2.497831424019422002e+02 2.831580304984447238e+01 5.727688339276230778e+01
2.480802670510583425e+02 2.669369547075335802e+01 5.574974584629390506e+01
2.467927774827403198e+02 2.516804491313254033e+01 5.454184052803277183e+01
2.464946665655109541e+02 2.468547151202488266e+01 5.427216447917457032e+01
2.466155982095440322e+02 2.465661178969729050e+01 5.433343448903725204e+01
2.468112282831348239e+02 2.482417115545102959e+01 5.467460738942417464e+01
2.470872771413397970e+02 2.492882178893862388e+01 5.495363022532433206e+01
2.471915636142933010e+02 2.508390865639936251e+01 5.509621424778089960e+01
2.472667172445186168e+02 2.513860860329261726e+01 5.517925802291176751e+01
2.473807298384037665e+02 2.524236400880054632e+01 5.530395265913056591e+01
2.475197329489416518e+02 2.538393141643274475e+01 5.544858508459145696e+01
2.474742128821789038e+02 2.539160913436006339e+01 5.540813291859494427e+01
2.473830361884530760e+02 2.533845686973674205e+01 5.532220620590243243e+01
2.473688491009786787e+02 2.531175176390258841e+01 5.529689704878234124e+01
2.473912753205371473e+02 2.526630756391775989e+01 5.525248463697747070e+01
2.473907442530915830e+02 2.529155602761550625e+01 5.513382899628253142e+01
2.473753281238145689e+02 2.533395038312722747e+01 5.508384796297701058e+01
2.474537591988468250e+02 2.547380320157802913e+01 5.502990668386313899e+01
2.475808057051816888e+02 2.560244291024960006e+01 5.519708671572718117e+01
2.475657840831499925e+02 2.563996661861770576e+01 5.529858129125256028e+01
2.476184811471056832e+02 2.563482285107351544e+01 5.543673469387755404e+01
2.478929823230407408e+02 2.592898869585008725e+01 5.579104772020332348e+01
2.482116683104468677e+02 2.620676731659206382e+01 5.605602002882937285e+01
2.483944465518549407e+02 2.631525680904331921e+01 5.621260905849328537e+01
2.483164858508459076e+02 2.625873605947955269e+01 5.606413777406873322e+01
2.481004931340565918e+02 2.617491844321371630e+01 5.585072452772930518e+01
2.477486533646915916e+02 2.594710568242166815e+01 5.538485699112358418e+01
2.473226765799256555e+02 2.568811167589712596e+01 5.491106896290114747e+01
2.469524163568773361e+02 2.538613155299294277e+01 5.461291252560504006e+01
2.469322054472346508e+02 2.526538198922691691e+01 5.457599575146043236e+01
2.468756543509597066e+02 2.521304908580532711e+01 5.451437675441923858e+01
2.467798497837796958e+02 2.517277900007586666e+01 5.448096502541537234e+01
2.467187466808284739e+02 2.516684621804111899e+01 5.441197177755860537e+01
2.467313557393217422e+02 2.521597754343373055e+01 5.445240877019953274e+01
2.467019194294818192e+02 2.525768909794400940e+01 5.436478264168120944e+01
2.466906001062134806e+02 2.525199908959866590e+01 5.435854639253470566e+01
2.468550792807829453e+02 2.543034671117517576e+01 5.445899400652454148e+01
2.469841741901221326e+02 2.553059707154237046e+01 5.456159623700781225e+01
2.470059631287459183e+02 2.556409984067976637e+01 5.453422350352780512e+01
2.465900311053789551e+02 2.535957818071466363e+01 5.423233442075714805e+01
2.450344283438282389e+02 2.389832334420757221e+01 5.303467111751763952e+01
2.432214247780896699e+02 2.185614141567407742e+01 5.144077080646385269e+01
2.422500872467946351e+02 2.064976860632728872e+01 5.073684849404445885e+01
2.422637736135346245e+02 2.045539792125028455e+01 5.070895986647447273e+01
2.424305439647978062e+02 2.037472118959107803e+01 5.094158258098778447e+01
2.426622259312646861e+02 2.052595402473257025e+01 5.122631059858888136e+01
2.430445489720051455e+02 2.087659509900614552e+01 5.156875806084515546e+01
2.433914877475153560e+02 2.115944162051437516e+01 5.186416812077990812e+01
2.438146574614976032e+02 2.148325620210909648e+01 5.218434109703360946e+01
2.442571580304984309e+02 2.188518321826872182e+01 5.255819740535619644e+01
2.444820423336620934e+02 2.206160382368560846e+01 5.277950079660116955e+01
2.448325468477353866e+02 2.233763750853501406e+01 5.310918746680828662e+01
2.448345042106061840e+02 2.231507472877627052e+01 5.313402624990516898e+01
2.444248691298080587e+02 2.197554055079280744e+01 5.283509597147408954e+01
2.433102951217661882e+02 2.106944844852439047e+01 5.190345193839617366e+01
2.427991806387982763e+02 2.048656399362718972e+01 5.149588043395797143e+01
2.428181928533495295e+02 2.043590015932023363e+01 5.139981791973294634e+01
2.429501251801835906e+02 2.049930961232076498e+01 5.155475305363781047e+01
2.434902359456793874e+02 2.101884530763978631e+01 5.209941582580987784e+01
2.440763674986723402e+02 2.148808132918594893e+01 5.257326454745467004e+01
2.446134435930505902e+02 2.191688035809119128e+01 5.300916470677490366e+01
2.449464380547758253e+02 2.214812229724603654e+01 5.328674607389424267e+01
2.452359456793869867e+02 2.247298384037629759e+01 5.354329717016918266e+01
2.453783324482209309e+02 2.270070556103482318e+01 5.374479933237235230e+01
2.455829906683863157e+02 2.296636067066231846e+01 5.384998103330551800e+01
2.457383810029588176e+02 2.313953417798346024e+01 5.385794704498899677e+01
2.457602609817161010e+02 2.319336924360822394e+01 5.390829223882861498e+01
2.457234807677718038e+02 2.319707154237159585e+01 5.381992261588650450e+01
2.457154692360215336e+02 2.325749184432137184e+01 5.372396631515059795e+01
2.458698733024808405e+02 2.342512707685304463e+01 5.381567407632197586e+01
2.460930733631742555e+02 2.370276913739473557e+01 5.412560503755405250e+01
2.462895379713223463e+02 2.386378878689022187e+01 5.435259843714437267e+01
2.463967832486154350e+02 2.396159623700781438e+01 5.441972536226386126e+01
2.466059176086791638e+02 2.410767013124952740e+01 5.467990289052423947e+01
2.469634777331006887e+02 2.439173052120476370e+01 5.485331917153478543e+01
2.470925574690842836e+02 2.455918367346938780e+01 5.486017752826037253e+01
2.467702905697595099e+02 2.435880433957969871e+01 5.462022608299825777e+01
2.451478491768454546e+02 2.289158637432668186e+01 5.311999089598664625e+01
2.430370988544116528e+02 2.082474774296335696e+01 5.136751384568697176e+01
2.411702753964039232e+02 1.904052803277444639e+01 4.998514528487974928e+01
2.408293149229952235e+02 1.855262878385554970e+01 4.956540474926029560e+01
2.409933237235414651e+02 1.863476215765116351e+01 4.976983536909187222e+01
2.414748349897579942e+02 1.906098171610651804e+01 5.021945224186328716e+01
2.419808512252484718e+02 1.943450421060617472e+01 5.063840376299218349e+01
2.421373036947120738e+02 1.962360974129428826e+01 5.069835369091874355e+01
2.423259540247325674e+02 1.979629770123662880e+01 5.083250132766861640e+01
2.427915484409377029e+02 2.019127532053713736e+01 5.119946893255443143e+01
2.431489568318033605e+02 2.059056217282451939e+01 5.152938320309536380e+01
2.433079887717168788e+02 2.070771565131628833e+01 5.161175935058037823e+01
2.433336924360822309e+02 2.072759274713602906e+01 5.165700629694256918e+01
2.434008800546240820e+02 2.078670814050527227e+01 5.171326909946134265e+01
2.434164023973901863e+02 2.084489795918367250e+01 5.176387224034595391e+01
2.434909794401031888e+02 2.088982626507852203e+01 5.189276989606251078e+01
2.437856611789697183e+02 2.115634625597450835e+01 5.213209923374554222e+01
2.441752370836810542e+02 2.158889310370988568e+01 5.254061148623017630e+01
2.445192018814960875e+02 2.189301266975191496e+01 5.285246946362187970e+01
2.448967604885820606e+02 2.226659585767392358e+01 5.321843562703892161e+01
2.451903042257795278e+02 2.256238525149836960e+01 5.343696229421136223e+01
2.453838403762992186e+02 2.276314391927774849e+01 5.363244063424626518e+01
2.454438965177149043e+02 2.283102951217661669e+01 5.360886123966314898e+01
2.455034671117517746e+02 2.291014338821030094e+01 5.367395493513390647e+01
2.456612548365070836e+02 2.311254077839314292e+01 5.362459600940748317e+01
2.457594264471588019e+02 2.329383203095364507e+01 5.375378195888020372e+01
2.459791973294894092e+02 2.350880813291859539e+01 5.395127835520825244e+01
2.460387679235262794e+02 2.354531522646233199e+01 5.405388058569152321e+01
2.459797132235793811e+02 2.349481829906683927e+01 5.393856308322585846e+01
2.457940065245429082e+02 2.336127759654047509e+01 5.370982474774296378e+01
2.458491313253926194e+02 2.330266292390562199e+01 5.374188604809953773e+01
2.462584022456566402e+02 2.369788331689553118e+01 5.407783931416432921e+01
2.465171838252029488e+02 2.399538729990137398e+01 5.436499506865943232e+01
2.465465897883316870e+02 2.396810560655488942e+01 5.439749639632804445e+01
2.465619148774751466e+02 2.395426750625900780e+01 5.439886199833092917e+01
2.465918367346938851e+02 2.401981640239738880e+01 5.435661937637508601e+01
2.464874440482512625e+02 2.399751156968363475e+01 5.433534633184128637e+01
2.464641984674910873e+02 2.401547682269934114e+01 5.429328579015249545e+01
2.466860025794704541e+02 2.424592974736362905e+01 5.455751460435475053e+01
2.469159092633335888e+02 2.446824975343297126e+01 5.479828541081860038e+01
2.470407708064638541e+02 2.458503907139063926e+01 5.478698126090584708e+01
2.472290721493058072e+02 2.476032167513845650e+01 5.500529550110006483e+01
2.475247856763523373e+02 2.497950079660116884e+01 5.528959866474470886e+01
2.473171534784917753e+02 2.483905621728245094e+01 5.510056900083453257e+01
2.454171458918139876e+02 2.326284803884378860e+01 5.355668006979743723e+01
2.430463697746756679e+02 2.084385099764812921e+01 5.153349518245960326e+01
2.418362946665655215e+02 1.964676428192094804e+01 5.059690463546013461e+01
2.414393141643274419e+02 1.904221227524466897e+01 5.018377968287686741e+01
2.413285790152492325e+02 1.886702071163037786e+01 4.996501024201501906e+01
2.416231090205598946e+02 1.910213185646005485e+01 5.028351414915408668e+01
2.427681207799104754e+02 1.995095971474091456e+01 5.115121766178590690e+01
2.436290114558834716e+02 2.063195508686746038e+01 5.195966922084819117e+01
2.443865412335938174e+02 2.152823002807070907e+01 5.265286397086715908e+01
2.452910553068811055e+02 2.223257719444655223e+01 5.344594492071921366e+01
2.460354753053637751e+02 2.282638646536681648e+01 5.418860480995372342e+01
2.461785752219103358e+02 2.292584781124345739e+01 5.433546771868599023e+01
2.460964266747591296e+02 2.287908352932251077e+01 5.414619528108641333e+01
2.458580077384113451e+02 2.264284955617934969e+01 5.396889462104544322e+01
2.456280100144146843e+02 2.249396859115393355e+01 5.378957590471132733e+01
2.455235566345497205e+02 2.237039678324861569e+01 5.370600106213488800e+01
2.453395341779834666e+02 2.224251574235642082e+01 5.351505955542068449e+01
2.454263105985888842e+02 2.234361581063652125e+01 5.354599802746377435e+01
2.457801077308246818e+02 2.276532888248236119e+01 5.393372278279341714e+01
2.462814809195053556e+02 2.324470070556103352e+01 5.438107882558227857e+01
2.466947727790000897e+02 2.354115772703133302e+01 5.466812836658827024e+01
2.469776799939306500e+02 2.387644336545027102e+01 5.494083908656399018e+01
2.470584477657234004e+02 2.401669069114634780e+01 5.511468022153098900e+01
2.470436082239587279e+02 2.406976708899173190e+01 5.505999544799332313e+01
2.471564676428192229e+02 2.413082467187618718e+01 5.520174493589257025e+01
2.471303846445641454e+02 2.408751991502920831e+01 5.520201805629314862e+01
2.471866171003717341e+02 2.419673772854866911e+01 5.526283286548819973e+01
2.472253243304756722e+02 2.417595023139367427e+01 5.529682118200440044e+01
2.472228359001593105e+02 2.413473939761778198e+01 5.520766254457173261e+01
2.472996282527880965e+02 2.429328579015249190e+01 5.523231924740156273e+01
2.476895834913891292e+02 2.459878613155299121e+01 5.562030194977619146e+01
2.481304756846976716e+02 2.510355815188528794e+01 5.603373036947120767e+01
2.483414915408542640e+02 2.527688339276230778e+01 5.625561034822850814e+01
2.484498292997496378e+02 2.537634473863894868e+01 5.632229724603595855e+01
2.485381078825582222e+02 2.546868978074501300e+01 5.642854108186025286e+01
2.487941430847431832e+02 2.565213564979895366e+01 5.666815871329944798e+01
2.489235566345497261e+02 2.580805705181700915e+01 5.669689704878233982e+01
2.489225703664365312e+02 2.590160078901449126e+01 5.678376450952128351e+01
2.490584932857901492e+02 2.594234124876716407e+01 5.676554130946058763e+01
2.489571049237538887e+02 2.595772703133297910e+01 5.668812684925271128e+01
2.489840224565662652e+02 2.599728396934982300e+01 5.675505652074956231e+01
2.490606479022835913e+02 2.614323647674683215e+01 5.680875502617404038e+01
2.492307715651316187e+02 2.627019194294818405e+01 5.695319019801229388e+01
2.491347545709733708e+02 2.619569076701312582e+01 5.679990895986647104e+01
2.475088688263409438e+02 2.471407328730748887e+01 5.539458311205522989e+01
2.457290342159168404e+02 2.308093467870419602e+01 5.369195053486078706e+01
2.445732948941658549e+02 2.183973901828389330e+01 5.266378878689022258e+01
2.445776799939306443e+02 2.168292238828616902e+01 5.261646309081253037e+01
2.450165844776572328e+02 2.199379409756467751e+01 5.313730369471208803e+01
2.456453986799180598e+02 2.260054624080115460e+01 5.383087777862073864e+01
2.461161368636674069e+02 2.306682345800773959e+01 5.427363629466656647e+01
2.462857294590698700e+02 2.319471967225551978e+01 5.442672027918974464e+01
2.463806539716258328e+02 2.329383203095364507e+01 5.447727790000758574e+01
2.464848038843790334e+02 2.337771034064183340e+01 5.454446551854942982e+01
2.466679311129656185e+02 2.351398224717396346e+01 5.474097564676428362e+01
2.467837493361656982e+02 2.366330323951141779e+01 5.476878840755632893e+01
2.467546013200819459e+02 2.365837189894545034e+01 5.475836431226765910e+01
2.465157878764888721e+02 2.349870267809725988e+01 5.453338896897048471e+01
2.463578028981109185e+02 2.335076246111827558e+01 5.432108337758895544e+01
2.464494347925043485e+02 2.345520066762764699e+01 5.445198391624307988e+01
2.467583339655564885e+02 2.368410591002200150e+01 5.471694105151354393e+01
2.467922919353615043e+02 2.385146802215309947e+01 5.475338745163492860e+01
2.468689325544344229e+02 2.397763447386389402e+01 5.482929974963963105e+01
2.469722934526970732e+02 2.420238221682725310e+01 5.490158561565890238e+01
2.470712237311281285e+02 2.433050603140884505e+01 5.495584553524011540e+01
2.471770578863515766e+02 2.441118276306805157e+01 5.511059858887792728e+01
2.470879599423412571e+02 2.434501175935058015e+01 5.503298687504741338e+01
2.470737728548668599e+02 2.434938168575980555e+01 5.504985964646081698e+01
2.470432137167134385e+02 2.437476670965784109e+01 5.497443289583491577e+01
2.471034822851073613e+02 2.450809498520597884e+01 5.498421971018890986e+01
2.472169334648357619e+02 2.462054472346559564e+01 5.505039071390638128e+01
2.472794021697898472e+02 2.474898717851452901e+01 5.516390258705713023e+01
2.473146498748198212e+02 2.476065548896138324e+01 5.513888172369319562e+01
2.473639936271906663e+02 2.481025718837721072e+01 5.512196343221303607e+01
2.473879371823078657e+02 2.492678855928988568e+01 5.506997951596995478e+01
2.475676959259540126e+02 2.506051134208330211e+01 5.523025567104165390e+01
2.477045899400652331e+02 2.519013731886806795e+01 5.512606023822168311e+01
2.476897503983005890e+02 2.524115014035353965e+01 5.517276382672027779e+01
2.476989757984978269e+02 2.531590926333358738e+01 5.525523101433881834e+01
2.479975115696836383e+02 2.562227448600257773e+01 5.564498899931719933e+01
2.483414915408542640e+02 2.599330855018587272e+01 5.610275396403914527e+01
2.485192322282072723e+02 2.615749943099916663e+01 5.621274561869357456e+01
2.486389955238601033e+02 2.624738638950003633e+01 5.629589560731355391e+01
2.487663151505955454e+02 2.633074880509824922e+01 5.640717699719292710e+01
2.489796373568014474e+02 2.655531446779455251e+01 5.657560124421515724e+01
2.490966694484485231e+02 2.669066079963583960e+01 5.682480843638570889e+01
2.488432440634246348e+02 2.646459297473636241e+01 5.652342007434944549e+01
2.469166527577573902e+02 2.472921629618389971e+01 5.483046809801987820e+01
2.447000075866777991e+02 2.236165693043016489e+01 5.293185646005613876e+01
2.437294438965177221e+02 2.125350125180183625e+01 5.210674455655868087e+01
2.436287535088384857e+02 2.104253091571201040e+01 5.197786207419770932e+01
2.439290493892724498e+02 2.115485926712692688e+01 5.222623473181094056e+01
2.448119566042030328e+02 2.193337379561490152e+01 5.302668993247856832e+01
2.452240497686063350e+02 2.234513314619528046e+01 5.336346255974508779e+01
2.454108186025339364e+02 2.256637584401790519e+01 5.345506410742735426e+01
2.456759426447158887e+02 2.285253015704423163e+01 5.371278355208254141e+01
2.460059631287459183e+02 2.321505196874288757e+01 5.396378120021242353e+01
2.461258478112434602e+02 2.336916774144602016e+01 5.403365450269327397e+01
2.462085425991958232e+02 2.345067900766254354e+01 5.420842121235111222e+01
2.460633487595781901e+02 2.328290721493058157e+01 5.402474774296335625e+01
2.460726803732645465e+02 2.324908580532584779e+01 5.402691753281238363e+01
2.460728017601092574e+02 2.316554130946058621e+01 5.405064866095136722e+01
2.460929064562627957e+02 2.314680221530991489e+01 5.410389196570821468e+01
2.460669144981412728e+02 2.319567559365753695e+01 5.399796677035126180e+01
2.461951141795007914e+02 2.335895607313557321e+01 5.409272437599575056e+01
2.465089750398300623e+02 2.371332979288369458e+01 5.438352173583187721e+01
2.470140960473408711e+02 2.423872240345952633e+01 5.495200667627646141e+01
2.471603520218496328e+02 2.447604885820499376e+01 5.506931188832410129e+01
2.471956300735907632e+02 2.444198467491085580e+01 5.507415218875654261e+01
2.473656930430164493e+02 2.458957590471132804e+01 5.527940216978984722e+01
2.475317198998558581e+02 2.473835065624762919e+01 5.537983461042409772e+01
2.476377361353463300e+02 2.486585236325013426e+01 5.545993475457097333e+01
2.478657764964721935e+02 2.508430316364464119e+01 5.570812533191715232e+01
2.479104772020332348e+02 2.515526894772779087e+01 5.572962597678476726e+01
2.478797359836127896e+02 2.513141643274409986e+01 5.575147560883089426e+01
2.480986571580305053e+02 2.532152340490099363e+01 5.587894696912221804e+01
2.481324027008572841e+02 2.538836203626431853e+01 5.593583187922008904e+01
2.482315454062666049e+02 2.556598133677262652e+01 5.604134739397617437e+01
2.484154313026325838e+02 2.579329337683028456e+01 5.609871785145284662e+01
2.485098702678097311e+02 2.589202640163872360e+01 5.620655488961384094e+01
2.485213868447007144e+02 2.593918519080494534e+01 5.623708368105606326e+01
2.485931871633411845e+02 2.603069569835368924e+01 5.629114634701464581e+01
2.487822471739625314e+02 2.619204916167210229e+01 5.638998558531218919e+01
2.489908959866474447e+02 2.646694484485243848e+01 5.654446551854942982e+01
2.489884682497534243e+02 2.644894924512555789e+01 5.657150443820651020e+01
2.490565055762081670e+02 2.658120021242697817e+01 5.648519839162430856e+01
2.491953417798346209e+02 2.669654806160382421e+01 5.647909870267809396e+01
2.492905545861467260e+02 2.676924360822395954e+01 5.657845383506562342e+01
2.491357256657309733e+02 2.666186177073059582e+01 5.644319854335786601e+01
2.475974963963280402e+02 2.524728017601092489e+01 5.500974129428723103e+01
2.451937182307867431e+02 2.285797739170017451e+01 5.327981185039071477e+01
2.435924436689173831e+02 2.109889993171989886e+01 5.182926940292846041e+01
2.432649723086260565e+02 2.069380168424246946e+01 5.156030650178286834e+01
2.432908580532584892e+02 2.070266292390562057e+01 5.170029588043395563e+01
2.435986799180638798e+02 2.080039450724527583e+01 5.196077687580608284e+01
2.440400424853956451e+02 2.116164175707457673e+01 5.239837645095212793e+01
2.445590167665579315e+02 2.154323647674683428e+01 5.275572414839541580e+01
2.448618617707305987e+02 2.186104240952886713e+01 5.306263561186556643e+01
2.452839086563993760e+02 2.224424550489340646e+01 5.339837645095212793e+01
2.455017676959259632e+02 2.251090205598968197e+01 5.363007359077460023e+01
2.456304984447310460e+02 2.262409528867308950e+01 5.369003869205674562e+01
2.455335407025263521e+02 2.255238601016614908e+01 5.365013276686138965e+01
2.454940899779986410e+02 2.247190653212958011e+01 5.366372809346786710e+01
2.454658827099613063e+02 2.238549427205826703e+01 5.363910173734921472e+01
2.455851149381685730e+02 2.251917153478491684e+01 5.374898717851452545e+01
2.456726196798421995e+02 2.264075563310826311e+01 5.380147181549199331e+01
2.455555724148395313e+02 2.252971701691829054e+01 5.361954328199681186e+01
2.456333813822926970e+02 2.260012138684470173e+01 5.370402852590850529e+01
2.457562552158409801e+02 2.282511190349745789e+01 5.390100902814657502e+01
2.459832941354980562e+02 2.307621576511645500e+01 5.410389196570821468e+01
2.463066535164251434e+02 2.351522646233214431e+01 5.446299977239966950e+01
2.466441848114710638e+02 2.381121310977922789e+01 5.471659206433502476e+01
2.467247553296411411e+02 2.387891662241104740e+01 5.480274637736135190e+01
2.468182080267050935e+02 2.391373947348456142e+01 5.481717623852514976e+01
2.468872619679842160e+02 2.398950003793338936e+01 5.489029663910173440e+01
2.468583415522342648e+02 2.397717927319626696e+01 5.484793263030119448e+01
2.469115393369243634e+02 2.408393900311053670e+01 5.487172445186252645e+01
2.471804718913587635e+02 2.436343221303391360e+01 5.505246946362188254e+01
2.472670207116303800e+02 2.449100978681435237e+01 5.521530991578787706e+01
2.472760336848494092e+02 2.450496927395493429e+01 5.515003414005007443e+01
2.473101585615658848e+02 2.460257947044988924e+01 5.517924284955618219e+01
2.474947576056444802e+02 2.473088536529853698e+01 5.533343448903725204e+01
2.476843031636446426e+02 2.496325013276686278e+01 5.554926029891510808e+01
2.478373719748122426e+02 2.511574235642212116e+01 5.572596919808815841e+01
2.478893558910553168e+02 2.523310826189211653e+01 5.587665579242849390e+01
2.480060238221682596e+02 2.526400121386844688e+01 5.591513542219861677e+01
2.480468098019877061e+02 2.529886958500872396e+01 5.592718306653516436e+01
2.479978150367953731e+02 2.527263485319778624e+01 5.588119262574918622e+01
2.479427054093012543e+02 2.531314771261664376e+01 5.575464684014870187e+01
2.478837569228434745e+02 2.532668234580077282e+01 5.570105454821333524e+01
2.479052120476443406e+02 2.532953493665123901e+01 5.562986116379637025e+01
2.479970411956604153e+02 2.548261892117441718e+01 5.568905242394355781e+01
2.480331082618921243e+02 2.558019877095819794e+01 5.563265306122448806e+01
2.481539943858584252e+02 2.574542143995144627e+01 5.576167210378574879e+01
2.482489795918367292e+02 2.588679159396100360e+01 5.585187770275396701e+01
2.479776648205750575e+02 2.574387375768151287e+01 5.548607844624838492e+01
2.467307184583870594e+02 2.473671193384416966e+01 5.432194825885744649e+01
2.450906456262802635e+02 2.309651771489264860e+01 5.303171231317806189e+01
2.445865867536605833e+02 2.228756543509597066e+01 5.268830892951976352e+01
2.443201122828313601e+02 2.186359153326758076e+01 5.249697291556027778e+01
2.443128745922160761e+02 2.185611106896289968e+01 5.249999241332220379e+01
2.444956831803353339e+02 2.200092557469084298e+01 5.285213564979895295e+01
2.449812305591381403e+02 2.228582049920339969e+01 5.321999848266444388e+01
2.453260754115772784e+02 2.266535164251574130e+01 5.357036643653744079e+01
2.456320764737121749e+02 2.300467339352097795e+01 5.380675214323647992e+01
2.458374174948789914e+02 2.322500569000834503e+01 5.381490023518701094e+01
2.460597678476595149e+02 2.342975495030725952e+01 5.398729990137319135e+01
2.462108944693118815e+02 2.354343373036947185e+01 5.412386010166148509e+01
2.461894393445110438e+02 2.348950762461118202e+01 5.415120248843031447e+01
2.461223579394583112e+02 2.347395493513390363e+01 5.405954024732569962e+01
2.460293907897731458e+02 2.342483878309688095e+01 5.411982398907518643e+01
2.460562172824520246e+02 2.339707154237159514e+01 5.412492223655261370e+01
2.462128214854715225e+02 2.347544192398148866e+01 5.428704954100599167e+01
2.465122980047037515e+02 2.375683180335331102e+01 5.446453228131401403e+01
2.467429937030574365e+02 2.403687125407784109e+01 5.458245960094075144e+01
2.468570821637205199e+02 2.418670814050527440e+01 5.473138608603292710e+01
2.473806691449814252e+02 2.458362794932099149e+01 5.508618465973749778e+01
2.476155223427660985e+02 2.485859949927926493e+01 5.527861315529929698e+01
2.477837189894545133e+02 2.503395796980502297e+01 5.550762461118276292e+01
2.478908580532584836e+02 2.514825885744632572e+01 5.562829830817085508e+01
2.481350580380851341e+02 2.541914877475153745e+01 5.585178666262044089e+01
2.482907214930581858e+02 2.551801835976026211e+01 5.607155754495106947e+01
2.484253698505424381e+02 2.571099309612320738e+01 5.624468553220544464e+01
2.484743646157347712e+02 2.576938016842424872e+01 5.621312495258326436e+01
2.485957514604354799e+02 2.591841286700553937e+01 5.622392838176162400e+01
2.486846976708899035e+02 2.597884834231090068e+01 5.626008648812685209e+01
2.488105910022001410e+02 2.614991275320537056e+01 5.630141870874744114e+01
2.488848645778013804e+02 2.621385327365146978e+01 5.636966846218041383e+01
2.490819512935285616e+02 2.637408390865639873e+01 5.649548592671268921e+01
2.491632653061224403e+02 2.650002276003338153e+01 5.665171079584249725e+01
2.493709278506941871e+02 2.672832106820423448e+01 5.691257112510431426e+01
2.496532433047568418e+02 2.704640012138684568e+01 5.720983233442075999e+01
2.497078370381609886e+02 2.715784841817767870e+01 5.722228965935816802e+01
2.498610575828844560e+02 2.730871709278506998e+01 5.736909187466807936e+01
2.500261285183218263e+02 2.749243608223958901e+01 5.762370078142781438e+01
2.499577877247553204e+02 2.740345952507396987e+01 5.753836582960321522e+01
2.493959031939913586e+02 2.688712540778393034e+01 5.694941203247098116e+01
2.475240270085729435e+02 2.507415218875654261e+01 5.520204840300432636e+01
2.458907518397693650e+02 2.330155526894772677e+01 5.388868826340945617e+01
2.451890144905545981e+02 2.251909566800697959e+01 5.343995144526211760e+01
2.453092026401638748e+02 2.243790304225779408e+01 5.347522949700326222e+01
2.457423564221227537e+02 2.272223655261360875e+01 5.385649040285259304e+01
2.461532660647902162e+02 2.301875426750626019e+01 5.418074501175934898e+01
2.463521432364767350e+02 2.323397314316061113e+01 5.431020408163265500e+01
2.464879144222744856e+02 2.332853349518245878e+01 5.443104468553220698e+01
2.467652681890600093e+02 2.359238297549503116e+01 5.474281162279037716e+01
2.471062134891131166e+02 2.400710113041499127e+01 5.506488126849252751e+01
2.473258933313102261e+02 2.425066383430695538e+01 5.525421439951445279e+01
2.473369091874668015e+02 2.433584705257567649e+01 5.516730141870874604e+01
2.472877626887186011e+02 2.428572945906987357e+01 5.511724451862529151e+01
2.473330551551475480e+02 2.430868674607389579e+01 5.521971018890828020e+01
2.475256505576208212e+02 2.451223731128138894e+01 5.535822775206737134e+01
2.475875730217737782e+02 2.452557469084288044e+01 5.540652454290266604e+01
2.476245960094074690e+02 2.453619603975419139e+01 5.546211971777558603e+01
2.477006903876792308e+02 2.462432288900690480e+01 5.549016007890144664e+01
2.479333434489037131e+02 2.489498520597830122e+01 5.576106516956225079e+01
2.482269782262347348e+02 2.523219786055686242e+01 5.607469842955769934e+01
2.484843486837114028e+02 2.542987633715195983e+01 5.625231773006600378e+01
2.487937637508535147e+02 2.565650557620817906e+01 5.653478491768454717e+01
2.491393672710719898e+02 2.601446020787497204e+01 5.681062134891131166e+01
2.492960018208026725e+02 2.621133449662392678e+01 5.692698581291252680e+01
2.493370457476671049e+02 2.626626204385099683e+01 5.682738790683559671e+01
2.492331993020256391e+02 2.616713451179728267e+01 5.678094226538198797e+01
2.493315985130111585e+02 2.627767240725286513e+01 5.686052651543889169e+01
2.494952128063121108e+02 2.649252712237311158e+01 5.706651999089598348e+01
2.494895379713223633e+02 2.649624459449207237e+01 5.701197177755860679e+01
2.493202336696760426e+02 2.641855701388362121e+01 5.697579849783779338e+01
2.492421971018890758e+02 2.642556710416508636e+01 5.682184963204612416e+01
2.494001972536226504e+02 2.655400955921401973e+01 5.701596237007814238e+01
2.495713071845838726e+02 2.670140353539185085e+01 5.718220165389575982e+01
2.496317578332448193e+02 2.676734693877551052e+01 5.727779379409756189e+01
2.497273196267354649e+02 2.695092936802974037e+01 5.736869736742280423e+01
2.498779000075866747e+02 2.714390410439268564e+01 5.745193839617631681e+01
2.499831120552310040e+02 2.726972156892496812e+01 5.762576435778772321e+01
2.502600864881268592e+02 2.751035581518852879e+01 5.789031181245732682e+01
2.504828465215082360e+02 2.783045292466428933e+01 5.815223427661027245e+01
2.507314922995220456e+02 2.798610120628177000e+01 5.839227676200592043e+01
2.508738790683559614e+02 2.817346180107730902e+01 5.850282983081708466e+01
2.509141643274410001e+02 2.833167437978908865e+01 5.854572490706319599e+01
2.506396631515059426e+02 2.799119945375919727e+01 5.824294059631287723e+01
2.493589560731355732e+02 2.681279113876033549e+01 5.702128821788938495e+01
2.479373795614900189e+02 2.524770502996737775e+01 5.559221606858356779e+01
2.476130642591609217e+02 2.483353311584857082e+01 5.529530384644564123e+01
2.476158106365222693e+02 2.476881875426750668e+01 5.530897503983005947e+01
2.478312267657992436e+02 2.489395341779834681e+01 5.560496168727713950e+01
2.482360367195205129e+02 2.530088764130187329e+01 5.608885517032091883e+01
2.486291480160837466e+02 2.565184735604278998e+01 5.645832637887868799e+01
2.489651771489264718e+02 2.586409225400197087e+01 5.669560731355739591e+01
2.492829072149305887e+02 2.618516045823533744e+01 5.702729686670207343e+01
2.495132994461725104e+02 2.642781276079204744e+01 5.721074273575601410e+01
2.495777710340641704e+02 2.651194901752522526e+01 5.729727638267203105e+01
2.496061907290797421e+02 2.657681511266216390e+01 5.727013124952583212e+01
2.496673090053865280e+02 2.665239359684394316e+01 5.735457097337076249e+01
2.496939534177983546e+02 2.666944844852439189e+01 5.739966618617707184e+01
2.496814505727941764e+02 2.666536681587133018e+01 5.742398907518397522e+01
2.496535922919353538e+02 2.666076928912828947e+01 5.742694787952355995e+01
2.496839541764661305e+02 2.669005386541233449e+01 5.745817464532281349e+01
2.496966391017373610e+02 2.675702905697594858e+01 5.742828313481526692e+01
2.497577118579773980e+02 2.688057051817009224e+01 5.740901297321902774e+01
2.498318640467339264e+02 2.703794856232455857e+01 5.740555344814505645e+01
2.499254381306425898e+02 2.718616189970412123e+01 5.755403990592519392e+01
2.500584629390789644e+02 2.729405963128746038e+01 5.761781351945982976e+01
2.501762840452165904e+02 2.751112965632349727e+01 5.772903421591684747e+01
2.503639784538350739e+02 2.768240649419619004e+01 5.794140050072073223e+01
2.505855397921250187e+02 2.793223579394583211e+01 5.824354753053637523e+01
2.506840148698884718e+02 2.803099916546544179e+01 5.832568090433199615e+01
2.507681359532660679e+02 2.816666413777407030e+01 5.836994158258098508e+01
2.509232531674379914e+02 2.827996358394658927e+01 5.853640846673241782e+01
2.510997344662772264e+02 2.860484030043243919e+01 5.882820726803732470e+01
2.512021090964266818e+02 2.871480160837569073e+01 5.886315150595554258e+01
2.512402093923071220e+02 2.872173583187921864e+01 5.892091647067748994e+01
2.512118807374250764e+02 2.882002882937561594e+01 5.896070100902814914e+01
2.511991047720203198e+02 2.881476367498672175e+01 5.883817616265837103e+01
2.512571732038540233e+02 2.895721113724300011e+01 5.889990137318868335e+01
2.514630908125331814e+02 2.934830437751308807e+01 5.909246642895076462e+01
2.515914877475153730e+02 2.954291783627949286e+01 5.917106441089446633e+01
2.515431606099689077e+02 2.951780593278203568e+01 5.916992640922539692e+01
2.515030422577953004e+02 2.946301494575525481e+01 5.902379182156133908e+01
2.514362643198543310e+02 2.940738942417115709e+01 5.895614900235187150e+01
2.514832562021090894e+02 2.955369091874668186e+01 5.903277444806919050e+01
2.515579546316668029e+02 2.965037554055079383e+01 5.915859191260147298e+01
2.515799104772020200e+02 2.969493968591153887e+01 5.916194522418632573e+01
2.515035581518853007e+02 2.963046809801987536e+01 5.915725665730976601e+01
2.514457931871633320e+02 2.960388437903042202e+01 5.908035809119186865e+01
2.514345193839617707e+02 2.959506865943403398e+01 5.915287155754494819e+01
2.514369622942113551e+02 2.966166451710795826e+01 5.911070480236704583e+01
2.514025491237387087e+02 2.962125787117821218e+01 5.898180714665048185e+01
2.515047568469767043e+02 2.981019649495485879e+01 5.914792504362339542e+01
2.514994916925878101e+02 2.982550641074273656e+01 5.917593505803808540e+01
2.514699036491920197e+02 2.988381761626583710e+01 5.910832258553979557e+01
2.515164251574235550e+02 2.990257188377209729e+01 5.912161444503451690e+01
2.515285790152492211e+02 2.999910477202033121e+01 5.914674152188756295e+01
2.515441013580153253e+02 3.003734162810105346e+01 5.906607996358394530e+01
2.515951900462787307e+02 3.011613686366739984e+01 5.913712161444503579e+01
2.516556558682952698e+02 3.023297170169183090e+01 5.913153781958880018e+01
2.513803960245808469e+02 3.003058948486457780e+01 5.865913056672483350e+01
2.504772930733631711e+02 2.924820575070176787e+01 5.759306577649647352e+01
2.499695167286245407e+02 2.856538957590471028e+01 5.716962294211364792e+01
2.499412639405204573e+02 2.832044609665427615e+01 5.719153326758212330e+01
2.499638418936347648e+02 2.818270237463014993e+01 5.720528032774448235e+01
2.499345421439951451e+02 2.813337379561490081e+01 5.720298915105075821e+01
2.499947500189666982e+02 2.823014945755253891e+01 5.730384644564145447e+01
2.501516425157423669e+02 2.836373568014566260e+01 5.747139063803960113e+01
2.502087246794628754e+02 2.838843790304225934e+01 5.753363174265989244e+01
2.502061755557241440e+02 2.833496699795159657e+01 5.759860405128593897e+01
2.503225855397921293e+02 2.846864426067824994e+01 5.766221075790911499e+01
2.503741901221455066e+02 2.850897503983005876e+01 5.774631666793111151e+01
2.504402700857294519e+02 2.862408011531750418e+01 5.781699415825809751e+01
2.504166603444351722e+02 2.871293528563841946e+01 5.779016766557924001e+01
2.504538502389803512e+02 2.871986950914194736e+01 5.774047492602988996e+01
2.504265381989226853e+02 2.867319626735452687e+01 5.773392003641605186e+01
2.504340793566497325e+02 2.869762536985054169e+01 5.769899097185342640e+01
2.504420757150443819e+02 2.865231773006600235e+01 5.767529019042561345e+01
2.505016311357256598e+02 2.879751156968363546e+01 5.785611106896290323e+01
2.506885972232759343e+02 2.904045216599650914e+01 5.811546923602154635e+01
2.508080570518170020e+02 2.919403687125407743e+01 5.820983233442075999e+01
2.509163189439344421e+02 2.930355815188529078e+01 5.832402700857294775e+01
2.510438661710037138e+02 2.942136408466732433e+01 5.850161596237008155e+01
2.511542371595478471e+02 2.954155223427661170e+01 5.862092405735528189e+01
2.511398072983840279e+02 2.960037933388969122e+01 5.861453607465291071e+01
2.512296942568848976e+02 2.966805249981033299e+01 5.869754950307260799e+01
2.513792731962673486e+02 2.982763068052499733e+01 5.882125787117821147e+01
2.515265761323116749e+02 2.998382520294363118e+01 5.911046202867764521e+01
2.516724072528639624e+02 3.012636370533343566e+01 5.919309612320764558e+01
2.517075790911160027e+02 3.012871557544951173e+01 5.930803429178362762e+01
2.517041043926864461e+02 3.011548440937713522e+01 5.936100447613989672e+01
2.517342083301722084e+02 3.025852363250132626e+01 5.950968818754267176e+01
2.518417570745770320e+02 3.040676731659206311e+01 5.967521432364767264e+01
2.519892117441772257e+02 3.059742052955011005e+01 5.975505652074956231e+01
2.520673393520977186e+02 3.075891055306881228e+01 5.974375237083680901e+01
2.520793414763674889e+02 3.079118428040361266e+01 5.977651164555041419e+01
2.521597754343372912e+02 3.092446703588498735e+01 5.996890979440102853e+01
2.522095592140201745e+02 3.105187770275396275e+01 5.999569076701312298e+01
2.522084060389955198e+02 3.103432213033912390e+01 5.985222668993247908e+01
2.521840528032774387e+02 3.106733935209771502e+01 5.977229345269706329e+01
2.522948789924892026e+02 3.123937485774979095e+01 6.001861770730597101e+01
2.523979971170624310e+02 3.140130490858053136e+01 6.015572414839541437e+01
2.524044306198315724e+02 3.136695243153023327e+01 6.020063728093467859e+01
2.524066459297473557e+02 3.139537212654578724e+01 6.010014414687807971e+01
2.524412715271982393e+02 3.150313329792883721e+01 6.021883013428419673e+01
2.524662620438510032e+02 3.152637887868902311e+01 6.035824292542295666e+01
2.524938927243759963e+02 3.163133297928836996e+01 6.032994461725210300e+01
2.524493285790152584e+02 3.158176162658372021e+01 6.023051361808663984e+01
2.517182763068052509e+02 3.055976026098171516e+01 5.920644867612472240e+01
2.498977467566952555e+02 2.822236552613610527e+01 5.711345117972839347e+01
2.483224944996586032e+02 2.629283058948486484e+01 5.572948941658447808e+01
2.479277141339807429e+02 2.569304301646308986e+01 5.533921553751612521e+01
2.480255367574539207e+02 2.566357635991199615e+01 5.546803732645474838e+01
2.486255367574539150e+02 2.600711630377058015e+01 5.610267809726121158e+01
2.491132539261057559e+02 2.635765116455504042e+01 5.657009331613686243e+01
2.493230103937485751e+02 2.650284500417267353e+01 5.676390258705712455e+01
2.492711175176390270e+02 2.642957287004021083e+01 5.676461573476974110e+01
2.492313481526439602e+02 2.641420226082998113e+01 5.675015552689477261e+01
2.492524998103330631e+02 2.653384416963811532e+01 5.668425764357787955e+01
2.493259995447993447e+02 2.683215234049010078e+01 5.677180790531826204e+01
2.492801608375692410e+02 2.686218041119793654e+01 5.674652909490934150e+01
2.489996661861770804e+02 2.659890751839769507e+01 5.647571504438206347e+01
2.486499658599499298e+02 2.629263333586222728e+01 5.610979440103179172e+01
2.481700022760033448e+02 2.588164782641681327e+01 5.555812153857825564e+01
2.480778848342310994e+02 2.586905394127911251e+01 5.537522191032547170e+01
2.480106213489113145e+02 2.588724679462863065e+01 5.531372430012897468e+01
2.479168955314467837e+02 2.581479402169789950e+01 5.527975115696836639e+01
2.478210454441999957e+02 2.584400273120400726e+01 5.518584325923678335e+01
2.478442303315378297e+02 2.584533798649571423e+01 5.519036491920188325e+01
2.478447462256278016e+02 2.592241863288066028e+01 5.521303391244973824e+01
2.480274182535467844e+02 2.606738487216447808e+01 5.537352249449966024e+01
2.484345193839617707e+02 2.648759578180714769e+01 5.582450496927395278e+01
2.490927243759957435e+02 2.709622942113648492e+01 5.653217510052348160e+01
2.495162885972232800e+02 2.736625445717320559e+01 5.707673165920643044e+01
2.495628707988771851e+02 2.739101737349214716e+01 5.697491844321371701e+01
2.494861087929595556e+02 2.734177983461042416e+01 5.684294059631287155e+01
2.494708140505272809e+02 2.730994613458766551e+01 5.676475229497003028e+01
2.494797056369015991e+02 2.734542143995144414e+01 5.687305970715424053e+01
2.495751308701919413e+02 2.745313709126773460e+01 5.690096350807981196e+01
2.496541992261588518e+02 2.754164327441013427e+01 5.711474091495334449e+01
2.496558379485623220e+02 2.757109475760564621e+01 5.712562021090964492e+01
2.496491161520370099e+02 2.751519611562097012e+01 5.712659130566724741e+01
2.495808360518928737e+02 2.754306956983536736e+01 5.701773765268188754e+01
2.497189591078066826e+02 2.765444199984826668e+01 5.702841969501555042e+01
2.498618769440861911e+02 2.780993854790986930e+01 5.715193080949852344e+01
2.499735680145664105e+02 2.789110082694788062e+01 5.724354753053637523e+01
2.500109399893786417e+02 2.799490175252256918e+01 5.728554737880282488e+01
2.501602306350049219e+02 2.811546923602154635e+01 5.743986040512859148e+01
2.502961080342917910e+02 2.828325620210909719e+01 5.756555648281617721e+01
2.503630983992109975e+02 2.835862225931264646e+01 5.767263485319778482e+01
2.503710492375388696e+02 2.846465366815871434e+01 5.765163492906456355e+01
2.504397390182838876e+02 2.849046354601319919e+01 5.779737500948334628e+01
2.508301646309081150e+02 2.898875654350959863e+01 5.837933388968970405e+01
2.512010621348911172e+02 2.933842652302556786e+01 5.882092405735528473e+01
2.510520901297321927e+02 2.924013352552917056e+01 5.857220241256354143e+01
2.500923753888172314e+02 2.824617252105302967e+01 5.745960094074804658e+01
2.484508762612851740e+02 2.632000606934223441e+01 5.601758591912601304e+01
2.473808815719596339e+02 2.525344055837948432e+01 5.499462863212199437e+01
2.472359305060314227e+02 2.479136636067066135e+01 5.486327289280023933e+01
2.473533419315681670e+02 2.475121766178590477e+01 5.501661482436841055e+01
2.474993703057431276e+02 2.487551779075942804e+01 5.510146422881420136e+01
2.476630908125331985e+02 2.506333358622259411e+01 5.533577118579773924e+01
2.478703436765040635e+02 2.525483650709354322e+01 5.555136939534177998e+01
2.481790000758667816e+02 2.558616189970411980e+01 5.587286245353159586e+01
2.481287762688718601e+02 2.557893938244442822e+01 5.574067217965252752e+01
2.480580987785448883e+02 2.552839693498217244e+01 5.559210985509445635e+01
2.481766178590395384e+02 2.565350125180183483e+01 5.566374326682345952e+01
2.483642819209468087e+02 2.583259236780213897e+01 5.584523177300660279e+01
2.483851301115241768e+02 2.593816857598057979e+01 5.584483726576132057e+01
2.483952810864122682e+02 2.594601320081936180e+01 5.580746529094909647e+01
2.483506865943403454e+02 2.598690539412791267e+01 5.571185797739170198e+01
2.482602382216827266e+02 2.589893027843107376e+01 5.569283058948486342e+01
2.482279493209923373e+02 2.592288900690387621e+01 5.568389348304377506e+01
2.483236628480388504e+02 2.610380092557469212e+01 5.574994309991654973e+01
2.482886579166982699e+02 2.609384720430923466e+01 5.573030877778620606e+01
2.480886730900538737e+02 2.591809422653819794e+01 5.543659813367726485e+01
2.478082543054396467e+02 2.571616721037857545e+01 5.513813822926940134e+01
2.477222972460359642e+02 2.572932250967301471e+01 5.498714816781730974e+01
2.477968135953265971e+02 2.578664744708292389e+01 5.511970260223048257e+01
2.478914346407707967e+02 2.586154313026325724e+01 5.525568621500644895e+01
2.478591760867915923e+02 2.584973825961611382e+01 5.525885744632425656e+01
2.474845155906228626e+02 2.574985205978302005e+01 5.490125180183597564e+01
2.473454366133070437e+02 2.565334951824596033e+01 5.470072073439040850e+01
2.469877247553296513e+02 2.544294059631287297e+01 5.438412867005538232e+01
2.467078066914498038e+02 2.518223200060693401e+01 5.414514831955087004e+01
2.465890448372657602e+02 2.516704347166376010e+01 5.398845307639784608e+01
2.466181928533495125e+02 2.533622638646536629e+01 5.406993399590319171e+01
2.466739549351339065e+02 2.545183218268720182e+01 5.412481602306350226e+01
2.468343221303391317e+02 2.559779986343979985e+01 5.423401866322737419e+01
2.470888096502541487e+02 2.583700781427812743e+01 5.440006069342234696e+01
2.473836582960321664e+02 2.618525149836886357e+01 5.476153554358546671e+01
2.477608527425840350e+02 2.661163796373568147e+01 5.510099385479098544e+01
2.479954328199681299e+02 2.679808815719596282e+01 5.533983764509521563e+01
2.481306425916091314e+02 2.688149609286093522e+01 5.549272437599574914e+01
2.483040133525529143e+02 2.707566952431530183e+01 5.558729990137318566e+01
2.486881571959638961e+02 2.744960169941582606e+01 5.597221758591912533e+01
2.486974432895835037e+02 2.744371443744784145e+01 5.596986571580305281e+01
2.478572642439875438e+02 2.678651088688263471e+01 5.524685532205447203e+01
2.468846369774675793e+02 2.562096957742204850e+01 5.427888627569986824e+01
2.467841438434109591e+02 2.546172521053030735e+01 5.416237007814277860e+01
2.470234124876716351e+02 2.558235338745163645e+01 5.444899476519232451e+01
2.474609210226841753e+02 2.592354146119414438e+01 5.484309232986875315e+01
2.477229345269706471e+02 2.613300963508079988e+01 5.512352628783855835e+01
2.479584856991123445e+02 2.642125787117820934e+01 5.531618238373416574e+01
2.482442455048933994e+02 2.669066079963583960e+01 5.556302253243304534e+01
2.484897959183673493e+02 2.694724224262195733e+01 5.570361884530763774e+01
2.487575752977770946e+02 2.707132994461725062e+01 5.603555117214171588e+01
2.489012366284803761e+02 2.722496016994158197e+01 5.612589333131021618e+01
2.490079053182611233e+02 2.738377968287686670e+01 5.624199984826644538e+01
2.489866171003717454e+02 2.741477884834231205e+01 5.615793945831120482e+01
2.488107882558227857e+02 2.736801456642136543e+01 5.601722175859191566e+01
2.488333055155147520e+02 2.735976026098171587e+01 5.603090812533191922e+01
2.490092102268416738e+02 2.758455352401183447e+01 5.627269554662013462e+01
2.491867081405052602e+02 2.774725741597754336e+01 5.648914346407708109e+01
2.492489644184811368e+02 2.783245580760184978e+01 5.652961080342917910e+01
2.492332751688035728e+02 2.783735680145664304e+01 5.662831348152644040e+01
2.492691298080570448e+02 2.790800394507245130e+01 5.660597830210151216e+01
2.492836810560655465e+02 2.801101585615658962e+01 5.666274182535467929e+01
2.494618617707305930e+02 2.830983992109855052e+01 5.681110689629011290e+01
2.497030877778620663e+02 2.853686366740004487e+01 5.709603216751384736e+01
2.498286776420605406e+02 2.871238904483726628e+01 5.722297246035960683e+01
2.499430392231242024e+02 2.887747515363022544e+01 5.736223351794249226e+01
2.500021394431378496e+02 2.898766406190729228e+01 5.748371140277672708e+01
2.501579394583112048e+02 2.908506183142402080e+01 5.755998786131552691e+01
2.502177679993930610e+02 2.922350352780517468e+01 5.766046582201654047e+01
2.502686746073894142e+02 2.934859267126925175e+01 5.771766937258174579e+01
2.504634549730672859e+02 2.947372733480009188e+01 5.791323875275016775e+01
2.506269023594568068e+02 2.967132994461725204e+01 5.810732114407100823e+01
2.506721189591078200e+02 2.976912222137925923e+01 5.807447082922388404e+01
2.506017145891813982e+02 2.966594340338365754e+01 5.793510355815188717e+01
2.506167665579242794e+02 2.974379789090357207e+01 5.792624231848873251e+01
2.506184963204612757e+02 2.981282148547151323e+01 5.793426902359456676e+01
2.506620286776420699e+02 2.983904104392686563e+01 5.794027767240725524e+01
2.508570062969425578e+02 2.998229269402928310e+01 5.825058796752902168e+01
2.510621955845535354e+02 3.027938699643426190e+01 5.844122600713147619e+01
2.510275092936803105e+02 3.021374706016235479e+01 5.838374933616569251e+01
2.502658675366057253e+02 2.958406797663303323e+01 5.768099537212654582e+01
2.487562855625521649e+02 2.821544647598816624e+01 5.620282224413929129e+01
2.478270996130794401e+02 2.677975874364615905e+01 5.527307488050982442e+01
2.477484864577801318e+02 2.653015704423033227e+01 5.499016766557924285e+01
2.478960776875806005e+02 2.658485699112358702e+01 5.503028601775282880e+01
2.481879220089522846e+02 2.661603823685608106e+01 5.536918291480160548e+01
2.482549427205826476e+02 2.673912449738259767e+01 5.537819588802063464e+01
2.483175479857370362e+02 2.662770654730293529e+01 5.549340717699719505e+01
2.482909642667475794e+02 2.658121538578256704e+01 5.551768454593733537e+01
2.484349290645626240e+02 2.671829148016083622e+01 5.568789924891889598e+01
2.487434640770806595e+02 2.702403459525073970e+01 5.599467415218875743e+01
2.489399438585843143e+02 2.723146953948865701e+01 5.616484333510355498e+01
2.490100144146878165e+02 2.735498065397162648e+01 5.631727486533647209e+01
2.489695622486912896e+02 2.728591153933692581e+01 5.628990213185645786e+01
2.489732493740990833e+02 2.724225779531143488e+01 5.632769896062514192e+01
2.490307108717092888e+02 2.724517107958424944e+01 5.633528563841893799e+01
2.488993551323875408e+02 2.723166679311129812e+01 5.621414156740762991e+01
2.488381609893027928e+02 2.717352249449965740e+01 5.621887565435095979e+01
2.487663910173734791e+02 2.721277596540474875e+01 5.609632046127001104e+01
2.486697367422805485e+02 2.712287383354829018e+01 5.601901221455124613e+01
2.486274334269023711e+02 2.709739776951672852e+01 5.590352780517411446e+01
2.486448524391169030e+02 2.715874364615734748e+01 5.590903573325240927e+01
2.486789924891889711e+02 2.722335179424929663e+01 5.595033760716182059e+01
2.488156892496775754e+02 2.729632046127001033e+01 5.606664137774068735e+01
2.488942568849101065e+02 2.741315529929443784e+01 5.612897352249449767e+01
2.489806084515590499e+02 2.754842576435778767e+01 5.618679918063880052e+01
2.491952203929899099e+02 2.784335027691373909e+01 5.641490023518701236e+01
2.493960397541916336e+02 2.811512024884303074e+01 5.656862150064486627e+01
2.495777862074197628e+02 2.836145967680752733e+01 5.681544647598816766e+01
2.501293225096730168e+02 2.879731431606099790e+01 5.743001289735224901e+01
2.506801456642136543e+02 2.928586601927016275e+01 5.803530839845231526e+01
2.509760564448827722e+02 2.961990744253091634e+01 5.836884910097867873e+01
2.510591305667248321e+02 2.967741446020787421e+01 5.860823913208405855e+01
2.509498368864274198e+02 2.952721341324633997e+01 5.848528943175783468e+01
2.506677186859874098e+02 2.931146347014642117e+01 5.819221606858356921e+01
2.504464759881647922e+02 2.913363174265989031e+01 5.789066079963583888e+01
2.503432516501024168e+02 2.908292238828617116e+01 5.776478264168120802e+01
2.502602230483271342e+02 2.913332827554813775e+01 5.761483954176465971e+01
2.501790911160003077e+02 2.905013276686139179e+01 5.753847204309232666e+01
2.500521659965101264e+02 2.899129049389272339e+01 5.729633563462559920e+01
2.499837796828768717e+02 2.899787573021773923e+01 5.723275927471360092e+01
2.500575828844548880e+02 2.910707837038161117e+01 5.730669903649192065e+01
2.502409225400197386e+02 2.933463318412866982e+01 5.759282300280707290e+01
2.503999544799332284e+02 2.954504210606175718e+01 5.777076094378271875e+01
2.503453303998179251e+02 2.939438585843259233e+01 5.780236704347166210e+01
2.498997344662772093e+02 2.896469160154768119e+01 5.728527425840224652e+01
2.489219027387906920e+02 2.805425991958121656e+01 5.641395948714058051e+01
2.481775889537971409e+02 2.717978909035733182e+01 5.561641757074576731e+01
2.479990895986647388e+02 2.686689932478567755e+01 5.523409453000530789e+01
2.477286700553827359e+02 2.657865108868826454e+01 5.498930278431075180e+01
2.475978302101509883e+02 2.641652378423488301e+01 5.484969273954935431e+01
2.477757378044154564e+02 2.660617555572414972e+01 5.502153099157878557e+01
2.479591381534026198e+02 2.674203778165541223e+01 5.525668765647522918e+01
2.480027463773613476e+02 2.680177528260374942e+01 5.528134435930505930e+01
2.479582429254229510e+02 2.682350352780517255e+01 5.536042788862756936e+01
2.482483878309688237e+02 2.708612396631514940e+01 5.555749943099916521e+01
2.484717396252181061e+02 2.720661558303618932e+01 5.582426219558455216e+01
2.485177148926485131e+02 2.715789393824444176e+01 5.586145209012973112e+01
2.484606934223503458e+02 2.713768302860177428e+01 5.580094074804642901e+01
2.484851983916242943e+02 2.702673545254533138e+01 5.588013049085805051e+01
2.484433351035581552e+02 2.691301115241635600e+01 5.574309991654654084e+01
2.483214627114786310e+02 2.676250663834306920e+01 5.568272513466352791e+01
2.482518170093316030e+02 2.669419619148774814e+01 5.556573856308322235e+01
2.481378954555800078e+02 2.661848114710568325e+01 5.538842272968666691e+01
2.479124800849707810e+02 2.644923753888172513e+01 5.518478112434564764e+01
2.479234049009938587e+02 2.652970184356270522e+01 5.503831272285866305e+01
2.479840528032774500e+02 2.660954404066459134e+01 5.519905925195357099e+01
2.480954252332903422e+02 2.671918670814050500e+01 5.523732645474546388e+01
2.481900917988013191e+02 2.678584325923678122e+01 5.525542826796146301e+01
2.482485547378802835e+02 2.693153781958880089e+01 5.531008269478795114e+01
2.484214096047340945e+02 2.713097640543206168e+01 5.553352552917077389e+01
2.485379258022911699e+02 2.730034140050072011e+01 5.566884151430088679e+01
2.484815112662165291e+02 2.730176769592595321e+01 5.566377361353463016e+01
2.483916394810712518e+02 2.727521432364767406e+01 5.556972915560276505e+01
2.484015325089143573e+02 2.740145664213640941e+01 5.566070859570594109e+01
2.485766482057507005e+02 2.767617024504969336e+01 5.587272589333130668e+01
2.488902966391017344e+02 2.804697670889917305e+01 5.620241256353842374e+01
2.491936878840755583e+02 2.839283817616265893e+01 5.654724224262195520e+01
2.495179728396934991e+02 2.874466277217206667e+01 5.685045140732873392e+01
2.497364539867991766e+02 2.888365070935437373e+01 5.712636370533343211e+01
2.498620893710643998e+02 2.911996054927547206e+01 5.720911918670814345e+01
2.499084136256733188e+02 2.916291631894393532e+01 5.724746225627797713e+01
2.498331689553144770e+02 2.919201881496092810e+01 5.715469236021546351e+01
2.496934526970639467e+02 2.901453607465290929e+01 5.697654199226158767e+01
2.489539488657916593e+02 2.833138608603292496e+01 5.622535467718685709e+01
2.485696229421136536e+02 2.789557696684621746e+01 5.575783324482209480e+01
2.486010014414687816e+02 2.778513011152416468e+01 5.580814809195053527e+01
2.487388817236931970e+02 2.784042181928533566e+01 5.600828465215082019e+01
2.488570821637205199e+02 2.786322737273347983e+01 5.606673241787421347e+01
2.488242470222289739e+02 2.761986192246415328e+01 5.604077080646384701e+01
2.487376375085350162e+02 2.758631363325999430e+01 5.596185418405280387e+01
2.487853728852135760e+02 2.754733328275548132e+01 5.607912904938927312e+01
2.488777786207419638e+02 2.778540323192473949e+01 5.622998255064107553e+01
2.488486912980805812e+02 2.773832030953645500e+01 5.619072907973598063e+01
2.488015021622031782e+02 2.764209088839997008e+01 5.607768758060845471e+01
2.487412639405204402e+02 2.758264168120780013e+01 5.602497534329717155e+01
2.490333965556482951e+02 2.786865943403383739e+01 5.635784841817768154e+01
2.494087550261740489e+02 2.818921174417722497e+01 5.676925878157954486e+01
2.496548061603823783e+02 2.833023291100827024e+01 5.701185039071390293e+01
2.497630832258554108e+02 2.839226158865033156e+01 5.724734086943327327e+01
2.498226234731810962e+02 2.844599044078598027e+01 5.729594112738031697e+01
2.498648205750701834e+02 2.845501858736059475e+01 5.736994158258098508e+01
2.499799559972688030e+02 2.866529094909339292e+01 5.746025339503831475e+01
2.500471132690994693e+02 2.879921098550944691e+01 5.751263181852666406e+01
2.500619983309308907e+02 2.876765040588726308e+01 5.750638039602458207e+01
2.499995144526211845e+02 2.876733176541992165e+01 5.740308019118428007e+01
2.500778848342310994e+02 2.884585388058569322e+01 5.744486761247249973e+01
2.501627645853880608e+02 2.890525756771110011e+01 5.756617859039526763e+01
2.501404597526743032e+02 2.888665503376071442e+01 5.753971625825051461e+01
2.499621424778089533e+02 2.871991502920871042e+01 5.723019497761929841e+01
2.497840831499886178e+02 2.858974281162279141e+01 5.713874516349290644e+01
2.498824975343297297e+02 2.868406038995523843e+01 5.724034595250739699e+01
2.500636067066231760e+02 2.887648888551703052e+01 5.741647826416811995e+01
2.499916243077156537e+02 2.876719520521963602e+01 5.746504817540399301e+01
2.499262119717775477e+02 2.866090584932857865e+01 5.739171534784917839e+01
2.498656854563386673e+02 2.857998634397997151e+01 5.737094302404976531e+01
2.498879295956300837e+02 2.859157878764888849e+01 5.736960776875805834e+01
2.499447386389500139e+02 2.875977543433730332e+01 5.737259691980881371e+01
2.499557089750398404e+02 2.876193005083074183e+01 5.738956073135573632e+01
2.499728548668537940e+02 2.875651316288597314e+01 5.732011228283134585e+01
2.499595174872923167e+02 2.881509748880964850e+01 5.734674152188756580e+01
2.501567104165086164e+02 2.904054320613003526e+01 5.755400955921402328e+01
2.503368940141112091e+02 2.924297094302405142e+01 5.782708443972384771e+01
2.503799711706243727e+02 2.940609968894620962e+01 5.775994234124876670e+01
2.503740839086563881e+02 2.929718534253850137e+01 5.777708823306274155e+01
2.498283286548820286e+02 2.881402018056293102e+01 5.713405659661633962e+01
2.485825202943630927e+02 2.756153554358546387e+01 5.590468098019876919e+01
2.468553675745391160e+02 2.560116834838024502e+01 5.441600789014490402e+01
2.457151505955542063e+02 2.421198695091419495e+01 5.343153023291100823e+01
2.458026553372278329e+02 2.419133601395948574e+01 5.332417874212882225e+01
2.460938472043092418e+02 2.422846521508231632e+01 5.353537667855245985e+01
2.464808132918595049e+02 2.460339883165162078e+01 5.382544571732038463e+01
2.467777710340641875e+02 2.473290342159168631e+01 5.423875275017069697e+01
2.470748653364691734e+02 2.493043016463090922e+01 5.460352021849632109e+01
2.475315074728776210e+02 2.530178286928154208e+01 5.520553827478946829e+01
2.479737197481223063e+02 2.567472877626887140e+01 5.575752977771033869e+01
2.481986647447082817e+02 2.589319475001896720e+01 5.593751612169031517e+01
2.482671420984750910e+02 2.623054396479781403e+01 5.563424626356118807e+01
2.483653137091267809e+02 2.658277824140808576e+01 5.563981488506183126e+01
2.485107654957893999e+02 2.682502086336393177e+01 5.570592519535695430e+01
2.484830286017752883e+02 2.685723389727638377e+01 5.563483802442910076e+01
2.484799028905242437e+02 2.692294970032622814e+01 5.561144071011304391e+01
2.486299825506410741e+02 2.693542219861922504e+01 5.575847052575677054e+01
2.488176010924815955e+02 2.712839693498217031e+01 5.599261057582884149e+01
2.489957969805022344e+02 2.737520673696987927e+01 5.622072680373264575e+01
2.491977391700174564e+02 2.753159851301115069e+01 5.651015856156588768e+01
2.492645171079584259e+02 2.767662544571732042e+01 5.659194294818298943e+01
2.492067217965253008e+02 2.774170396783248549e+01 5.651736590546999395e+01
2.492591002200136643e+02 2.782200136560200221e+01 5.646140657006296948e+01
2.493017828692815385e+02 2.794243228890069020e+01 5.651889841438433848e+01
2.494419391548441070e+02 2.805832637887868941e+01 5.665454821333737812e+01
2.494474015628556174e+02 2.811196419088081200e+01 5.664694636218799673e+01
2.491780593278203355e+02 2.783474698429557748e+01 5.634265988923450408e+01
2.491766937258174721e+02 2.785652074956376723e+01 5.626835596692208696e+01
2.492528639708671676e+02 2.799596388741370134e+01 5.645019346028374230e+01
2.495460587208861227e+02 2.821046961535543574e+01 5.686337910628935788e+01
2.498051589408997870e+02 2.849619907442530931e+01 5.718643502010469604e+01
2.501535240118352306e+02 2.879110841362567186e+01 5.744234883544496029e+01
2.502558986419846860e+02 2.884196950155526906e+01 5.745715803049844794e+01
2.501501251801836077e+02 2.873910932402700880e+01 5.727920491616720966e+01
2.499407632197860494e+02 2.862083301722175932e+01 5.706800697974357206e+01
2.498920264016387307e+02 2.862505121007510667e+01 5.702937561641756758e+01
2.499566193763750732e+02 2.885641453607465223e+01 5.718056293149229674e+01
2.498459600940747976e+02 2.879773917001745076e+01 5.713250891434640977e+01
2.493484864577801261e+02 2.839274713602913280e+01 5.665495789393824566e+01
2.482536681587133103e+02 2.742752446703588376e+01 5.575205219634322162e+01
2.479608223958728388e+02 2.706339427964494249e+01 5.542118200440027209e+01
2.478730293604430699e+02 2.688069190501479255e+01 5.529055458614672602e+01
2.480991275320537000e+02 2.705664213640846683e+01 5.543931416432744186e+01
2.482983688642743232e+02 2.713997420529550197e+01 5.556464608148091600e+01
2.482617100371747085e+02 2.718296032167513943e+01 5.558365829603216923e+01
2.484745770427130083e+02 2.739983309308853521e+01 5.585157423564221091e+01
2.487664972308625977e+02 2.780957438737576837e+01 5.606829527349973574e+01
2.491182004400273229e+02 2.809791366360670750e+01 5.636884910097867873e+01
2.492194674152188725e+02 2.821365602002882866e+01 5.642702374630149365e+01
2.491596085274258314e+02 2.824828161747970512e+01 5.631161520370229567e+01
2.488640619072907896e+02 2.792974736362946686e+01 5.612472498292997614e+01
2.480878233821409538e+02 2.663456490402852594e+01 5.538719368788407849e+01
2.466941051513542220e+02 2.491193384416963852e+01 5.426982778241408312e+01
2.454207723237994117e+02 2.337821106137622351e+01 5.317156513162886000e+01
2.440444731052272118e+02 2.193533115848569892e+01 5.211220696457021262e+01
2.437874516349290559e+02 2.151883772096199010e+01 5.180259464380547740e+01
2.446130187390941444e+02 2.175504134739397699e+01 5.262600713147712383e+01
2.455849783779682980e+02 2.242052955011000748e+01 5.368038843790304071e+01
2.465188984143843527e+02 2.304333510355815307e+01 5.454214399514452793e+01
2.472415294742432366e+02 2.359930202564297019e+01 5.511176693725817444e+01
2.475259388513769920e+02 2.392601471815492076e+01 5.547292314695394566e+01
2.474510735149078187e+02 2.415373643881344279e+01 5.532358698126090246e+01
2.476253395038312703e+02 2.435754495106592898e+01 5.555194598285410734e+01
2.484974129428723302e+02 2.517734618010772962e+01 5.642294211364843193e+01
2.493900766254457153e+02 2.595631590926333487e+01 5.728694332751688023e+01
2.498981109172293316e+02 2.647066231697139926e+01 5.780047037402321308e+01
2.506514376754419118e+02 2.715762081784386694e+01 5.856851528715575483e+01
2.514045671800318758e+02 2.796123207647371345e+01 5.941634170396783077e+01
2.519793338896897126e+02 2.869962825278810570e+01 6.036437296108034190e+01
2.522708747439496335e+02 2.901358015325089212e+01 6.054076321978605790e+01
2.523892572642439802e+02 2.918942417115545140e+01 6.073250891434641119e+01
2.526452621197177848e+02 2.970181321599271840e+01 6.109713982247173902e+01
2.528602230483271285e+02 3.010120628176921187e+01 6.142989151050755225e+01
2.530205295501100125e+02 3.054247780896745468e+01 6.188160230635004666e+01
2.531631894393445066e+02 3.084888855170320809e+01 6.217110993096122940e+01
2.533109627494120275e+02 3.112389044837265928e+01 6.246292390562172869e+01
2.533359380927091991e+02 3.127189135877399195e+01 6.250155526894772606e+01
2.532613307032850400e+02 3.110079660116834788e+01 6.224087701995296129e+01
2.531364236400879975e+02 3.085545861467263506e+01 6.185667248311964528e+01
2.530203019497761829e+02 3.067522949700326151e+01 6.158485699112358702e+01
2.527955238601016674e+02 3.033627190653212935e+01 6.112169031181245771e+01
2.525176086791593946e+02 2.998755784841817729e+01 6.070345193839617792e+01
2.525275775737804338e+02 2.994097564676428291e+01 6.068330172217586238e+01
2.524440634246263642e+02 2.988987178514528509e+01 6.065419922615886605e+01
2.520074349442379287e+02 2.933832030953645287e+01 5.979984826644412266e+01
2.515756467642819132e+02 2.887808208785373054e+01 5.930161596237007871e+01
2.514481905773461676e+02 2.881412639405204601e+01 5.911967225551930483e+01
2.513205371367878058e+02 2.869155602761550838e+01 5.895291707761171551e+01
2.510769440861846533e+02 2.851099309612320809e+01 5.865812912525605327e+01
2.509010697215689163e+02 2.838377968287686670e+01 5.835132387527501407e+01
2.509591836734693970e+02 2.854736362946665551e+01 5.832870040209392215e+01
2.511537212654578468e+02 2.880763219786055629e+01 5.868656399362718901e+01
2.513867081405052772e+02 2.926278734542144022e+01 5.914628632121993945e+01
2.516179804263713038e+02 2.966793111296563268e+01 5.958195888020635778e+01
2.518108034291783497e+02 2.984731052272210050e+01 5.984951065928230207e+01
2.519789242090888308e+02 3.003248615431302682e+01 6.012961080342918052e+01
2.520208178438661832e+02 3.011234352477050180e+01 6.013360139594871612e+01
2.519549047871936978e+02 2.994608906759729905e+01 5.996619376375085153e+01
2.515804718913587692e+02 2.942232000606934150e+01 5.940072832106820755e+01
2.512807070783703693e+02 2.906046582201653905e+01 5.902127304453379963e+01
2.511575752977771003e+02 2.886169486381913529e+01 5.873923071087170911e+01
2.511128290721493102e+02 2.886906911463470138e+01 5.870017449358925887e+01
2.512680373264547313e+02 2.907547227069266427e+01 5.904228814202260622e+01
2.514660951369395434e+02 2.937593505803808469e+01 5.932742584022456356e+01
2.515488506183142476e+02 2.952445186252939990e+01 5.945297018435626768e+01
2.516078901449055536e+02 2.954924512555951921e+01 5.958397693649950355e+01
2.517875730217737669e+02 2.979541764661254888e+01 5.994085425991958260e+01
2.520303770578863407e+02 3.015256809043319919e+01 6.024647598816478222e+01
2.522506334875957918e+02 3.036774144602078707e+01 6.055426750625900922e+01
2.523469539488658029e+02 3.052970184356270522e+01 6.071883772096199294e+01
2.523472422426219453e+02 3.049442379182156060e+01 6.072956528336241888e+01
2.523245429026629267e+02 3.048792959563007443e+01 6.065205978302101641e+01
2.523783627949320874e+02 3.065143767544192244e+01 6.065506410742735710e+01
2.525300811774523879e+02 3.087318109399893729e+01 6.080003034671117490e+01
2.525524011835217379e+02 3.087708064638494676e+01 6.080059176086791695e+01
2.524408314998862011e+02 3.070422577953114285e+01 6.062042333662089533e+01
2.523823078673848670e+02 3.065861467263485451e+01 6.055957818071466647e+01
2.525013276686139250e+02 3.096185418405280387e+01 6.084491313253926137e+01
2.528063879827023754e+02 3.140544723465594501e+01 6.149943099916546885e+01
2.530748046430468037e+02 3.183576359911994658e+01 6.196520749563766373e+01
2.531624914649874825e+02 3.195443441317047117e+01 6.211428571428571388e+01
2.531522342766102724e+02 3.196710416508610919e+01 6.188393900311054097e+01
2.531409908201198675e+02 3.190062969425688522e+01 6.177652681890599951e+01
2.530515135422198512e+02 3.177179273196267317e+01 6.161989226917533102e+01
2.529489568318033434e+02 3.158760336848494177e+01 6.141549199605492504e+01
2.528648964418481171e+02 3.147491085653592435e+01 6.118717851452849033e+01
2.527376678552462010e+02 3.131587891662240963e+01 6.083065017828693044e+01
2.526530763978453820e+02 3.119217054851680615e+01 6.069530384644563981e+01
2.525457856004855444e+02 3.111600030346711065e+01 6.046964570214702661e+01
2.523872392079508415e+02 3.089029663910173795e+01 6.021638722403459809e+01
2.522559593354070273e+02 3.075936575373643933e+01 5.998798270237463015e+01
2.522397390182838990e+02 3.070689629011456034e+01 5.997508535012517683e+01
2.522750625900918067e+02 3.075478340034898750e+01 6.003486837114027708e+01
2.522707078370381737e+02 3.081494575525377400e+01 6.003237994082391538e+01
2.522121538578256548e+02 3.082204688566876527e+01 5.986516956224868835e+01
2.521999393065776474e+02 3.081817767999392998e+01 5.991143312343524485e+01
2.522638646536681506e+02 3.094317578332448093e+01 6.001040892193308451e+01
2.523964797815036718e+02 3.118734542143995014e+01 6.026471436158106343e+01
2.525186252939837743e+02 3.145524618769441005e+01 6.047786966087550553e+01
2.526478415901676726e+02 3.162154616493437587e+01 6.069272437599575198e+01
2.527437523708368019e+02 3.176223351794249439e+01 6.091015856156589336e+01
2.529358318792201032e+02 3.199547834003490010e+01 6.118039602458083692e+01
2.531257719444655265e+02 3.231569683635535739e+01 6.168589636598133552e+01
2.532697519156361352e+02 3.259877095819740589e+01 6.199209468173886961e+01
2.532387830968818889e+02 3.248222441392913851e+01 6.199590319399135296e+01
2.529901524922236433e+02 3.202966391017373837e+01 6.147973598361277681e+01
2.527861922464152826e+02 3.167348456111069055e+01 6.105412335938092383e+01
2.527841741901221440e+02 3.171542371595478471e+01 6.109286093619603975e+01
2.529688035809119242e+02 3.197720961990744115e+01 6.135226462332144592e+01
2.531320233669676156e+02 3.227853728852135617e+01 6.170402852590850529e+01
2.531575297777103515e+02 3.226127000986268456e+01 6.164603596085274262e+01
2.531046961535543574e+02 3.216461573476974678e+01 6.160540171458918479e+01
2.530864577801380904e+02 3.218461421743418782e+01 6.150304225779531464e+01
2.531722327592747206e+02 3.227653440558379572e+01 6.162986116379637025e+01
2.533353159851301086e+02 3.254706016235490296e+01 6.201333737956149150e+01
2.534023366967605000e+02 3.272606023822168453e+01 6.216320461270009901e+01
2.534411653137091207e+02 3.275810636522266606e+01 6.227627645853880267e+01
2.534866246870495274e+02 3.289188984143843442e+01 6.236727107199757114e+01
2.536335027691374080e+02 3.328510735149077959e+01 6.260499203398831725e+01
2.537212199377892432e+02 3.346521508231545283e+01 6.297300660040968268e+01
2.538304680980198782e+02 3.370290569759502119e+01 6.330871709278506643e+01
2.539628101054548210e+02 3.387909870267809964e+01 6.364556558682952669e+01
2.540511493816857467e+02 3.396100447613989814e+01 6.375484409377133943e+01
2.540812988392382863e+02 3.411518094226538267e+01 6.383060465822016738e+01
2.541062438358243014e+02 3.415982095440406852e+01 6.382963356346255779e+01
2.541390789773158474e+02 3.433809270920264112e+01 6.399779986343980198e+01
2.541783931416432836e+02 3.437229345269706471e+01 6.413967073818375297e+01
2.541814581594719584e+02 3.434910856535923074e+01 6.412055231014338119e+01
2.541908959866474333e+02 3.441248767164858435e+01 6.422562779758743545e+01
2.542434868371140340e+02 3.462316971398225007e+01 6.453463318412866556e+01
2.542697519156361352e+02 3.474147636749867019e+01 6.457233897276383061e+01
2.543037250587967435e+02 3.485397162582505359e+01 6.459688946210454219e+01
2.542969273954935261e+02 3.492545330399818226e+01 6.454831955086866913e+01
2.542979591836734699e+02 3.500816326530612344e+01 6.454135498065397769e+01
2.543617934906304470e+02 3.527613989833852060e+01 6.479842197101889667e+01
2.544606782489947534e+02 3.581342841969501478e+01 6.542973977695167775e+01
2.545483954176466170e+02 3.617761930050830443e+01 6.584636977467566510e+01
2.545790152492223797e+02 3.633724300128973539e+01 6.606516956224869830e+01
2.545946893255443513e+02 3.643678021394431710e+01 6.610207116303770647e+01
2.546250663834306920e+02 3.652433047568469959e+01 6.636570821637205597e+01
2.546691298080570505e+02 3.681596237007813954e+01 6.654916925878157485e+01
2.546880054624080003e+02 3.705397162582504933e+01 6.673470905090660210e+01
2.547289128290721578e+02 3.729717016918291250e+01 6.698091191867081307e+01
2.547801532508914306e+02 3.776167210378574879e+01 6.745982854108186189e+01
2.548366891738107824e+02 3.842556710416508281e+01 6.807689856611789025e+01
2.548617252105302953e+02 3.865547378802822465e+01 6.828835444958652090e+01
2.548858356725589829e+02 3.901723693194750098e+01 6.876312874592215962e+01
2.549139367271071990e+02 3.947025263637053172e+01 6.919678324861543217e+01
2.549285031484712931e+02 3.981532508914346380e+01 6.953470905090661347e+01
2.549397314316061056e+02 4.004949548592671249e+01 6.975819740535619928e+01
2.549331765419922533e+02 3.983828237614748247e+01 6.948058569152567543e+01
2.548843183370002237e+02 3.913695470753356886e+01 6.837502465670283414e+01
2.548414991275320460e+02 3.847434944237917875e+01 6.761033305515515224e+01
2.548002124269782200e+02 3.793571049237539228e+01 6.702480843638571173e+01
2.546810408921932947e+02 3.727374250815567791e+01 6.623926864426067596e+01
2.546081177452393547e+02 3.686394052044609992e+01 6.574777331006751524e+01
2.545741597754343388e+02 3.661250284500417251e+01 6.551669827782414757e+01
2.545727183066535133e+02 3.657314316060996617e+01 6.564608148091950568e+01
2.546218192853349649e+02 3.683146953948865843e+01 6.602063576359911679e+01
2.546411956604202942e+02 3.695303846445641227e+01 6.618994006524542328e+01
2.546629845990440799e+02 3.695613382899627908e+01 6.641406570062969195e+01
2.546661861770730582e+02 3.687928078294514478e+01 6.627014642288142454e+01
2.546675366057203576e+02 3.679905925195357241e+01 6.630345193839617934e+01
2.546564600561414125e+02 3.677444806919049825e+01 6.623972384492830656e+01
2.546406038995523886e+02 3.669091874668082909e+01 6.614936651240421384e+01
2.545913663606706621e+02 3.640858811926257488e+01 6.582066611031029879e+01
2.545283817616265765e+02 3.602476291631894156e+01 6.548081329185949073e+01
2.545164251574235550e+02 3.590607692891283165e+01 6.537915180942265181e+01
2.545396859115393511e+02 3.604618769440861570e+01 6.555871329944616832e+01
2.545437068507700360e+02 3.609811091722934862e+01 6.576230938472042453e+01
2.545466808284652132e+02 3.605300053106744684e+01 6.583373036947121193e+01
2.545632653061224460e+02 3.609938547909870010e+01 6.584545937334041810e+01
2.545874971549958161e+02 3.631647067749032942e+01 6.597472118959107945e+01
2.546230331537819609e+02 3.645312191791214929e+01 6.612624231848873535e+01
2.546530460511341971e+02 3.664693118883241141e+01 6.628087398528184337e+01
2.546794780365677866e+02 3.692369319475002243e+01 6.660640315605796502e+01
2.547194598285410905e+02 3.713508838479629759e+01 6.679867991806388261e+01
2.547298080570518266e+02 3.730123662848038890e+01 6.692088612396631220e+01
2.547379864957135283e+02 3.744168120779910680e+01 6.701107654957894511e+01
2.547546771868598796e+02 3.748800546240801168e+01 6.708098019877095908e+01
2.547652681890600093e+02 3.758719368788407422e+01 6.717831727486533566e+01
2.547609893027843100e+02 3.755244670358850101e+01 6.715698353690918054e+01
2.547497003262271562e+02 3.742526363705333381e+01 6.710949093392004272e+01
2.547195963887413654e+02 3.721993778924208840e+01 6.683503527805173405e+01
2.547060010621349022e+02 3.707565435095971651e+01 6.661148623017980697e+01
2.547077459980274625e+02 3.700406645929747640e+01 6.666632273727334734e+01
2.547216144450345325e+02 3.719544799332372520e+01 6.670839845231772358e+01
2.547489871785145397e+02 3.741846597375009509e+01 6.684304680980199009e+01
2.547451483195508786e+02 3.746204385099764522e+01 6.687406114862301365e+01
2.546411197936423605e+02 3.684820575070176574e+01 6.623734162810104920e+01
2.545346028374174807e+02 3.603546013200819687e+01 6.538083605189287084e+01
2.544395721113724278e+02 3.567738411349670002e+01 6.503362415598209623e+01
2.544429709430240507e+02 3.559872543813064283e+01 6.506488126849252751e+01
2.544726955466201446e+02 3.572030953645398910e+01 6.520667627645853770e+01
2.545206888703436903e+02 3.595294742432288615e+01 6.552622714513314861e+01
2.546407859798194409e+02 3.656390258705712881e+01 6.625183218268719543e+01
2.546794325165010378e+02 3.696740763219786174e+01 6.663224338062362051e+01
